map_icons_file version 1
250
player 1 Action_IV 0.300000 194 0.150000 0.173000 0.000000 0


imperial_star_destroyer 1 Imp_ISD 0.800000 194 0.150000 0.173000 0.000000 0


imperial_star_destroyer_interdictor 1 Imp_ISD_Interdictor 0.800000 194 0.150000 0.173000 0.000000 0


imperial_victory_c2_frigate 1 Imp_Victory_Class_II_Frigate 0.800000 194 0.150000 0.173000 0.000000 0


imperial_dreadnaught_frigate 1 Imp_Dreadnaught_Frigate 0.500000 194 0.150000 0.173000 0.000000 0


imperial_trade_frigate 1 Imp_trade_frigate 0.500000 194 0.150000 0.173000 0.000000 0


tie_fighter 1 tie_fighter 0.400000 194 0.150000 0.173000 0.000000 0


imperial_shuttle 1 imperial_shuttle 0.500000 194 0.150000 0.173000 0.000000 0


a_wing 1 a_wing 0.300000 194 0.150000 0.173000 0.000000 0


rebel_transport 1 rebel_transport 0.650000 194 0.150000 0.173000 0.000000 0


corellian_gunship 1 Cor_Gunship 0.500000 194 0.150000 0.173000 0.000000 0


corellian_corvette 1 swy_corellian_corvette 0.500000 194 0.150000 0.173000 0.000000 0


moncal_cruiser 1 Moncal_Cruiser 0.650000 194 0.150000 0.173000 0.000000 0


x_wing 1 xwing 0.400000 194 0.150000 0.173000 0.000000 0


x_wing2 1 xwing2 0.400000 194 0.150000 0.173000 0.000000 0


x_wing3 1 xwing3 0.400000 194 0.150000 0.173000 0.000000 0


x_wing4 1 xwing4 0.400000 194 0.150000 0.173000 0.000000 0


x_wing5 1 xwing5 0.400000 194 0.150000 0.173000 0.000000 0


y_wing 1 y_wing_gold 0.400000 194 0.150000 0.173000 0.000000 0


hutt_cruiser 1 Hutt_Cruiser 0.650000 194 0.150000 0.173000 0.000000 0


hutt_frigate_mk2 1 Hutt_Frigate_MK2 0.650000 194 0.150000 0.173000 0.000000 0


hutt_frigate_mk1 1 Hutt_Frigate_MK1 0.650000 194 0.150000 0.173000 0.000000 0


hutt_trade 1 Hutt_Trade 0.500000 194 0.150000 0.173000 0.000000 0


hutt_patrol 1 Hutt_Patrol 0.300000 194 0.150000 0.173000 0.000000 0


nebulon 1 swy_nebulon 0.600000 0 0 0 0 0


starchaser 1 vec_starchaser 0.400000 0 0 0 0 0


z95 1 z96 0.400000 194 0.150000 0.173000 0.000000 0


scyk_fighter 1 hutt_scyk_fighter 0.400000 194 0.150000 0.173000 0.000000 0


mercenary_raider 1 Wild_Karrde 0.400000 194 0.150000 0.173000 0.000000 0


freighter 1 swy_nebulon 0.500000 194 0.150000 0.173000 0.000000 0


bulk_freighter 1 bulk_frigate 0.500000 194 0.150000 0.173000 0.000000 0


mercenary_fighter 1 vec_starchaser 0.400000 194 0.150000 0.173000 0.000000 0


mercenary_shuttle 1 Interceptor_IV 0.400000 194 0.150000 0.173000 0.000000 0


civilian_transport 1 Action_IV 0.400000 194 0.150000 0.173000 0.000000 0


civilian_cruiser 1 swy_nebulon 0.500000 194 0.150000 0.173000 0.000000 0


cis_star_cruiser 1 CIS_Station 0.600000 0 0 0 0 0


shuttle 1 shuttle_civilian 0.300000 194 0.150000 0.173000 0.000000 0


mercenary_raider_grey 1 mercenary_raider_grey 0.400000 194 0.150000 0.173000 0.000000 0


jawa_ship 1 jawaship 0.500000 194 0.150000 0.173000 0.000000 0


mercenary_raider_brown 1 Action_IV_Tusken 0.400000 194 0.150000 0.173000 0.000000 0


mercenary_shuttle_grey 1 shuttle_grey 0.400000 194 0.150000 0.173000 0.000000 0


mercenary_shuttle_brown 1 Wild_Karrde 0.400000 194 0.150000 0.173000 0.000000 0


mercenary_fighter_grey 1 z95_grey 0.400000 194 0.150000 0.173000 0.000000 0


mercenary_fighter_brown 1 z95_brown 0.400000 194 0.150000 0.173000 0.000000 0


y_wing_debris 1 y_wing_gold_debris 0.500000 194 0.150000 0.173000 0.000000 0


z95_debris 1 z95_debris 0.500000 194 0.150000 0.173000 0.000000 0


tie_fighter_debris 1 tie_fighter_debris 0.500000 194 0.150000 0.173000 0.000000 0


sw_planet_green 1 planet_green 0.500000 0 0 0 0 0


asteroid_base 1 asteroid_base 0.500000 0 0 0 0 0


shipyard 1 spacestation1 0.500000 0 0 0 0 0


battlestation 1 spacestation5 0.500000 0 0 0 0 0


outpost_a 1 spacestation3 0.500000 0 0 0 0 0


outpost_b 1 spacestation4 0.500000 0 0 0 0 0


sw_town_green 1 planet_green 0.800000 0 0 0 0 0


sw_town_green_water 1 planet_green_water 0.800000 0 0 0 0 0


sw_town_snow 1 planet_snow 0.800000 0 0 0 0 0


sw_town_snow_water 1 planet_snow 0.800000 0 0 0 0 0


sw_town_plain 1 planet_plain 0.800000 0 0 0 0 0


sw_town_craters 1 planet_craters 0.800000 0 0 0 0 0


sw_town_green_b 1 planet_green_b 0.800000 0 0 0 0 0


sw_town_green_rock 1 planet_green_rock 0.800000 0 0 0 0 0


sw_town_ice_rock 1 planet_ice_rock 0.800000 0 0 0 0 0


sw_town_red_rock 1 planet_red_rock 0.800000 0 0 0 0 0


sw_town_volcanic 1 planet_volcanic 0.800000 0 0 0 0 0


sw_town_water 1 planet_water 0.800000 0 0 0 0 0


sw_town_industrial 1 planet_industrial 0.800000 0 0 0 0 0


minorplanet_a 1 planet_craters 0.500000 0 0 0 0 1
-70.000000  4 2071 1 1224979098644774912 1679 1 1224979098644774912 1679 1 1224979098644774912 1678 2 1224979098644774912 1008806316530991172 


minorplanet_burnt_a 1 planet_craters 0.500000 0 0 0 0 1
-70.000000  4 2071 1 1224979098644774912 1679 1 1224979098644774912 1679 1 1224979098644774912 1678 2 1224979098644774912 1008806316530991172 


minorplanet_deserted_a 1 planet_craters 0.500000 0 0 0 0 1
-70.000000  4 2071 1 1224979098644774912 1679 1 1224979098644774912 1679 1 1224979098644774912 1678 2 1224979098644774912 1008806316530991172 


minorplanet_snow_a 1 planet_gas 0.500000 0 0 0 0 1
-70.000000  4 2071 1 1224979098644774912 1679 1 1224979098644774912 1679 1 1224979098644774912 1678 2 1224979098644774912 1008806316530991172 


minorplanet_snow_burnt_a 1 planet_gas 0.500000 0 0 0 0 1
-70.000000  4 2071 1 1224979098644774912 1679 1 1224979098644774912 1679 1 1224979098644774912 1678 2 1224979098644774912 1008806316530991172 


minorplanet_snow_deserted_a 1 planet_gas 0.500000 0 0 0 0 1
-70.000000  4 2071 1 1224979098644774912 1679 1 1224979098644774912 1679 1 1224979098644774912 1678 2 1224979098644774912 1008806316530991172 


sw_minorplanet_01 1 Planet_Var_01 0.500000 0 0 0 0 1
-70.000000  4 2071 1 1224979098644774912 1679 1 1224979098644774912 1679 1 1224979098644774912 1678 2 1224979098644774912 1008806316530991172 


sw_minorplanet_02 1 Planet_Var_02 0.500000 0 0 0 0 1
-70.000000  4 2071 1 1224979098644774912 1679 1 1224979098644774912 1679 1 1224979098644774912 1678 2 1224979098644774912 1008806316530991172 


sw_minorplanet_03 1 Planet_Var_03 0.500000 0 0 0 0 1
-70.000000  4 2071 1 1224979098644774912 1679 1 1224979098644774912 1679 1 1224979098644774912 1678 2 1224979098644774912 1008806316530991172 


sw_minorplanet_04 1 Planet_Var_04 0.500000 0 0 0 0 1
-70.000000  4 2071 1 1224979098644774912 1679 1 1224979098644774912 1679 1 1224979098644774912 1678 2 1224979098644774912 1008806316530991172 


sw_minorplanet_05 1 Planet_Var_05 0.500000 0 0 0 0 1
-70.000000  4 2071 1 1224979098644774912 1679 1 1224979098644774912 1679 1 1224979098644774912 1678 2 1224979098644774912 1008806316530991172 


sw_minorplanet_06 1 Planet_Var_06 0.500000 0 0 0 0 1
-70.000000  4 2071 1 1224979098644774912 1679 1 1224979098644774912 1679 1 1224979098644774912 1678 2 1224979098644774912 1008806316530991172 


sw_minorplanet_07 1 Planet_Var_07 0.500000 0 0 0 0 1
-70.000000  4 2071 1 1224979098644774912 1679 1 1224979098644774912 1679 1 1224979098644774912 1678 2 1224979098644774912 1008806316530991172 


sw_minorplanet_08 1 Planet_Var_08 0.500000 0 0 0 0 1
-70.000000  4 2071 1 1224979098644774912 1679 1 1224979098644774912 1679 1 1224979098644774912 1678 2 1224979098644774912 1008806316530991172 


sw_minorplanet_09 1 Planet_Var_09 0.500000 0 0 0 0 1
-70.000000  4 2071 1 1224979098644774912 1679 1 1224979098644774912 1679 1 1224979098644774912 1678 2 1224979098644774912 1008806316530991172 


sw_minorplanet_10 1 Planet_Var_10 0.500000 0 0 0 0 1
-70.000000  4 2071 1 1224979098644774912 1679 1 1224979098644774912 1679 1 1224979098644774912 1678 2 1224979098644774912 1008806316530991172 


sw_minorplanet_11 1 Planet_Var_11 0.500000 0 0 0 0 1
-70.000000  4 2071 1 1224979098644774912 1679 1 1224979098644774912 1679 1 1224979098644774912 1678 2 1224979098644774912 1008806316530991172 


sw_minorplanet_12 1 Planet_Var_12 0.500000 0 0 0 0 1
-70.000000  4 2071 1 1224979098644774912 1679 1 1224979098644774912 1679 1 1224979098644774912 1678 2 1224979098644774912 1008806316530991172 


sw_minorplanet_13 1 Planet_Var_13 0.500000 0 0 0 0 1
-70.000000  4 2071 1 1224979098644774912 1679 1 1224979098644774912 1679 1 1224979098644774912 1678 2 1224979098644774912 1008806316530991172 


sw_minorplanet_14 1 Planet_Var_14 0.500000 0 0 0 0 1
-70.000000  4 2071 1 1224979098644774912 1679 1 1224979098644774912 1679 1 1224979098644774912 1678 2 1224979098644774912 1008806316530991172 


sw_minorplanet_15 1 Planet_Var_15 0.500000 0 0 0 0 1
-70.000000  4 2071 1 1224979098644774912 1679 1 1224979098644774912 1679 1 1224979098644774912 1678 2 1224979098644774912 1008806316530991172 


sw_minorplanet_16 1 Planet_Var_16 0.500000 0 0 0 0 1
-70.000000  4 2071 1 1224979098644774912 1679 1 1224979098644774912 1679 1 1224979098644774912 1678 2 1224979098644774912 1008806316530991172 


sw_minorplanet_17 1 Planet_Var_17 0.500000 0 0 0 0 1
-70.000000  4 2071 1 1224979098644774912 1679 1 1224979098644774912 1679 1 1224979098644774912 1678 2 1224979098644774912 1008806316530991172 


sw_minorplanet_18 1 Planet_Var_18 0.500000 0 0 0 0 1
-70.000000  4 2071 1 1224979098644774912 1679 1 1224979098644774912 1679 1 1224979098644774912 1678 2 1224979098644774912 1008806316530991172 


sw_minorplanet_19 1 Planet_Var_19 0.500000 0 0 0 0 1
-70.000000  4 2071 1 1224979098644774912 1679 1 1224979098644774912 1679 1 1224979098644774912 1678 2 1224979098644774912 1008806316530991172 


sw_minorplanet_20 1 Planet_Var_20 0.500000 0 0 0 0 1
-70.000000  4 2071 1 1224979098644774912 1679 1 1224979098644774912 1679 1 1224979098644774912 1678 2 1224979098644774912 1008806316530991172 


sw_minorplanet_21 1 Planet_Var_21 0.500000 0 0 0 0 1
-70.000000  4 2071 1 1224979098644774912 1679 1 1224979098644774912 1679 1 1224979098644774912 1678 2 1224979098644774912 1008806316530991172 


training_ground 1 planet_industrial 0.550000 0 0 0 0 1
-70.000000  4 2071 1 1224979098644774912 1679 1 1224979098644774912 1679 1 1224979098644774912 1678 2 1224979098644774912 1008806316530991173 


strategicmap_sun 1 planet_red 0.000100 0 0 0 0 1
-70.000000  4 2071 1 1224979098644774912 1679 1 1224979098644774912 1679 1 1224979098644774912 1678 2 1224979098644774912 1008806316530991177 


bridge_a 1 planet_red 0.400000 0 0 0 0 0


bridge_b 1 planet_red 0.400000 0 0 0 0 0


bridge_snow_a 1 planet_red 0.400000 0 0 0 0 0


custom_banner_01 0 custom_map_banner_01 0.350000 0 0 0 0 1
-70.000000  6 2071 1 1224979098644774912 521 3 1224979098644774913 1224979098644774912 7 4 0 30 2 1224979098644774913 0 1983 2 1729382256910270505 1224979098644774913 3 0 


custom_banner_02 0 custom_map_banner_02 0.350000 0 0 0 0 1
-70.000000  6 2071 1 1224979098644774912 521 3 1224979098644774913 1224979098644774912 7 4 0 30 2 1224979098644774913 0 1983 2 1729382256910270506 1224979098644774913 3 0 


custom_banner_03 0 custom_map_banner_03 0.350000 0 0 0 0 1
-70.000000  6 2071 1 1224979098644774912 521 3 1224979098644774913 1224979098644774912 7 4 0 30 2 1224979098644774913 0 1983 2 1729382256910270504 1224979098644774913 3 0 


banner_01 0 sw_map_banner_01 0.350000 0 0 0 0 0


banner_02 0 sw_map_banner_02 0.350000 0 0 0 0 0


banner_03 0 sw_map_banner_03 0.350000 0 0 0 0 0


banner_04 0 sw_map_banner_04 0.350000 0 0 0 0 0


banner_05 0 sw_map_banner_05 0.350000 0 0 0 0 0


banner_06 0 sw_map_banner_06 0.350000 0 0 0 0 0


banner_07 0 sw_map_banner_07 0.350000 0 0 0 0 0


banner_08 0 sw_map_banner_08 0.350000 0 0 0 0 0


banner_09 0 sw_map_banner_09 0.350000 0 0 0 0 0


banner_10 0 sw_map_banner_10 0.350000 0 0 0 0 0


banner_11 0 sw_map_banner_11 0.350000 0 0 0 0 0


banner_12 0 sw_map_banner_12 0.350000 0 0 0 0 0


banner_13 0 sw_map_banner_13 0.350000 0 0 0 0 0


banner_14 0 sw_map_banner_14 0.350000 0 0 0 0 0


banner_15 0 sw_map_banner_15 0.350000 0 0 0 0 0


banner_16 0 sw_map_banner_16 0.350000 0 0 0 0 0


banner_17 0 sw_map_banner_17 0.350000 0 0 0 0 0


banner_18 0 sw_map_banner_18 0.350000 0 0 0 0 0


banner_19 0 sw_map_banner_19 0.350000 0 0 0 0 0


banner_20 0 sw_map_banner_20 0.350000 0 0 0 0 0


banner_21 0 sw_map_banner_21 0.350000 0 0 0 0 0


banner_22 0 sw_map_banner_22 0.350000 0 0 0 0 0


banner_23 0 sw_map_banner_23 0.350000 0 0 0 0 0


banner_24 0 sw_map_banner_24 0.350000 0 0 0 0 0


banner_25 0 sw_map_banner_25 0.350000 0 0 0 0 0


banner_26 0 sw_map_banner_26 0.350000 0 0 0 0 0


banner_27 0 sw_map_banner_27 0.350000 0 0 0 0 0


banner_28 0 sw_map_banner_28 0.350000 0 0 0 0 0


banner_29 0 sw_map_banner_29 0.350000 0 0 0 0 0


banner_30 0 sw_map_banner_30 0.350000 0 0 0 0 0


banner_31 0 sw_map_banner_31 0.350000 0 0 0 0 0


banner_32 0 sw_map_banner_32 0.350000 0 0 0 0 0


banner_33 0 sw_map_banner_33 0.350000 0 0 0 0 0


banner_34 0 sw_map_banner_34 0.350000 0 0 0 0 0


banner_35 0 sw_map_banner_35 0.350000 0 0 0 0 0


banner_36 0 sw_map_banner_36 0.350000 0 0 0 0 0


banner_37 0 sw_map_banner_37 0.350000 0 0 0 0 0


banner_38 0 sw_map_banner_38 0.350000 0 0 0 0 0


banner_39 0 sw_map_banner_39 0.350000 0 0 0 0 0


banner_40 0 sw_map_banner_40 0.350000 0 0 0 0 0


banner_41 0 sw_map_banner_41 0.350000 0 0 0 0 0


banner_42 0 sw_map_banner_41 0.350000 0 0 0 0 0


banner_43 0 map_flag_43 0.350000 0 0 0 0 0


banner_44 0 map_flag_44 0.350000 0 0 0 0 0


banner_45 0 map_flag_45 0.350000 0 0 0 0 0


banner_46 0 map_flag_46 0.350000 0 0 0 0 0


banner_47 0 map_flag_47 0.350000 0 0 0 0 0


banner_48 0 map_flag_48 0.350000 0 0 0 0 0


banner_49 0 map_flag_49 0.350000 0 0 0 0 0


banner_50 0 map_flag_50 0.350000 0 0 0 0 0


banner_51 0 map_flag_51 0.350000 0 0 0 0 0


banner_52 0 map_flag_52 0.350000 0 0 0 0 0


banner_53 0 map_flag_53 0.350000 0 0 0 0 0


banner_54 0 map_flag_54 0.350000 0 0 0 0 0


banner_55 0 map_flag_55 0.350000 0 0 0 0 0


banner_56 0 map_flag_56 0.350000 0 0 0 0 0


banner_57 0 map_flag_57 0.350000 0 0 0 0 0


banner_58 0 map_flag_58 0.350000 0 0 0 0 0


banner_59 0 map_flag_59 0.350000 0 0 0 0 0


banner_60 0 map_flag_60 0.350000 0 0 0 0 0


banner_61 0 map_flag_61 0.350000 0 0 0 0 0


banner_62 0 map_flag_62 0.350000 0 0 0 0 0


banner_63 0 map_flag_63 0.350000 0 0 0 0 0


banner_64 0 map_flag_d01 0.350000 0 0 0 0 0


banner_65 0 map_flag_d02 0.350000 0 0 0 0 0


banner_66 0 map_flag_d03 0.350000 0 0 0 0 0


banner_67 0 map_flag_d04 0.350000 0 0 0 0 0


banner_68 0 map_flag_d05 0.350000 0 0 0 0 0


banner_69 0 map_flag_d06 0.350000 0 0 0 0 0


banner_70 0 map_flag_d07 0.350000 0 0 0 0 0


banner_71 0 map_flag_d08 0.350000 0 0 0 0 0


banner_72 0 map_flag_d09 0.350000 0 0 0 0 0


banner_73 0 map_flag_d10 0.350000 0 0 0 0 0


banner_74 0 map_flag_d11 0.350000 0 0 0 0 0


banner_75 0 map_flag_d12 0.350000 0 0 0 0 0


banner_76 0 map_flag_d13 0.350000 0 0 0 0 0


banner_77 0 map_flag_d14 0.350000 0 0 0 0 0


banner_78 0 map_flag_d15 0.350000 0 0 0 0 0


banner_79 0 map_flag_d16 0.350000 0 0 0 0 0


banner_80 0 map_flag_d17 0.350000 0 0 0 0 0


banner_81 0 map_flag_d18 0.350000 0 0 0 0 0


banner_82 0 map_flag_d19 0.350000 0 0 0 0 0


banner_83 0 map_flag_d20 0.350000 0 0 0 0 0


banner_84 0 map_flag_d21 0.350000 0 0 0 0 0


banner_85 0 map_flag_e01 0.350000 0 0 0 0 0


banner_86 0 map_flag_e02 0.350000 0 0 0 0 0


banner_87 0 map_flag_e03 0.350000 0 0 0 0 0


banner_88 0 map_flag_e04 0.350000 0 0 0 0 0


banner_89 0 map_flag_e05 0.350000 0 0 0 0 0


banner_90 0 map_flag_e06 0.350000 0 0 0 0 0


banner_91 0 map_flag_e07 0.350000 0 0 0 0 0


banner_92 0 map_flag_e08 0.350000 0 0 0 0 0


banner_93 0 map_flag_e09 0.350000 0 0 0 0 0


banner_94 0 map_flag_e10 0.350000 0 0 0 0 0


banner_95 0 map_flag_e11 0.350000 0 0 0 0 0


banner_96 0 map_flag_e12 0.350000 0 0 0 0 0


banner_97 0 map_flag_e13 0.350000 0 0 0 0 0


banner_98 0 map_flag_e14 0.350000 0 0 0 0 0


banner_99 0 map_flag_e15 0.350000 0 0 0 0 0


banner_100 0 map_flag_e16 0.350000 0 0 0 0 0


banner_101 0 map_flag_e17 0.350000 0 0 0 0 0


banner_102 0 map_flag_e18 0.350000 0 0 0 0 0


banner_103 0 map_flag_e19 0.350000 0 0 0 0 0


banner_104 0 map_flag_e20 0.350000 0 0 0 0 0


banner_105 0 map_flag_e21 0.350000 0 0 0 0 0


banner_106 0 map_flag_f01 0.350000 0 0 0 0 0


banner_107 0 map_flag_f02 0.350000 0 0 0 0 0


banner_108 0 map_flag_f03 0.350000 0 0 0 0 0


banner_109 0 map_flag_f04 0.350000 0 0 0 0 0


banner_110 0 map_flag_f05 0.350000 0 0 0 0 0


banner_111 0 map_flag_f06 0.350000 0 0 0 0 0


banner_112 0 map_flag_f07 0.350000 0 0 0 0 0


banner_113 0 map_flag_f08 0.350000 0 0 0 0 0


banner_114 0 map_flag_f09 0.350000 0 0 0 0 0


banner_115 0 map_flag_f10 0.350000 0 0 0 0 0


banner_116 0 map_flag_f11 0.350000 0 0 0 0 0


banner_117 0 map_flag_f12 0.350000 0 0 0 0 0


banner_118 0 map_flag_f13 0.350000 0 0 0 0 0


banner_119 0 map_flag_f14 0.350000 0 0 0 0 0


banner_120 0 map_flag_f15 0.350000 0 0 0 0 0


banner_121 0 map_flag_f16 0.350000 0 0 0 0 0


banner_122 0 map_flag_f17 0.350000 0 0 0 0 0


banner_123 0 map_flag_f18 0.350000 0 0 0 0 0


banner_124 0 map_flag_f19 0.350000 0 0 0 0 0


banner_125 0 map_flag_f20 0.350000 0 0 0 0 0


banner_126 0 map_flag_15 0.350000 0 0 0 0 0


sw_swy_Death_Star 1 swy_Death_Star 0.500000 0 0 0 0 0


sw_swy_Planet_Coruscant 1 swy_Planet_Coruscant 0.800000 0 0 0 0 1
-70.000000  4 2071 1 1224979098644774912 1679 1 1224979098644774912 1679 1 1224979098644774912 1678 2 1224979098644774912 1008806316530991172 


sw_swy_Planet_Endor 1 swy_Planet_Endor 0.800000 0 0 0 0 1
-70.000000  4 2071 1 1224979098644774912 1679 1 1224979098644774912 1679 1 1224979098644774912 1678 2 1224979098644774912 1008806316530991172 


sw_swy_Planet_forest 1 swy_Planet_forest 0.800000 0 0 0 0 1
-70.000000  4 2071 1 1224979098644774912 1679 1 1224979098644774912 1679 1 1224979098644774912 1678 2 1224979098644774912 1008806316530991172 


sw_swy_Planet_Taris 1 swy_Planet_Taris 0.800000 0 0 0 0 1
-70.000000  4 2071 1 1224979098644774912 1679 1 1224979098644774912 1679 1 1224979098644774912 1678 2 1224979098644774912 1008806316530991172 


sw_swy_Planet_Tatooine 1 swy_Planet_Tatooine 0.800000 0 0 0 0 1
-70.000000  4 2071 1 1224979098644774912 1679 1 1224979098644774912 1679 1 1224979098644774912 1678 2 1224979098644774912 1008806316530991172 


sw_swy_Planet_geonosis 1 swy_Planet_geonosis 0.800000 0 0 0 0 1
-70.000000  4 2071 1 1224979098644774912 1679 1 1224979098644774912 1679 1 1224979098644774912 1678 2 1224979098644774912 1008806316530991172 


sw_swy_Planet_Kessel 1 swy_Planet_Kessel 0.800000 0 0 0 0 1
-70.000000  4 2071 1 1224979098644774912 1679 1 1224979098644774912 1679 1 1224979098644774912 1678 2 1224979098644774912 1008806316530991172 


sw_swy_Planet_frozen 1 swy_Planet_frozen 0.800000 0 0 0 0 1
-70.000000  4 2071 1 1224979098644774912 1679 1 1224979098644774912 1679 1 1224979098644774912 1678 2 1224979098644774912 1008806316530991172 


sw_swy_Planet_lava 1 swy_Planet_lava 0.800000 0 0 0 0 1
-70.000000  4 2071 1 1224979098644774912 1679 1 1224979098644774912 1679 1 1224979098644774912 1678 2 1224979098644774912 1008806316530991172 


sw_swy_rePlanet_gas 1 swy_rePlanet_gas 0.800000 0 0 0 0 1
-70.000000  4 2071 1 1224979098644774912 1679 1 1224979098644774912 1679 1 1224979098644774912 1678 2 1224979098644774912 1008806316530991172 


sw_swy_rePlanet_earth 1 swy_rePlanet_earth 0.800000 0 0 0 0 1
-70.000000  4 2071 1 1224979098644774912 1679 1 1224979098644774912 1679 1 1224979098644774912 1678 2 1224979098644774912 1008806316530991172 


sw_swy_rePlanet_snow 1 swy_rePlanet_snow 0.800000 0 0 0 0 1
-70.000000  4 2071 1 1224979098644774912 1679 1 1224979098644774912 1679 1 1224979098644774912 1678 2 1224979098644774912 1008806316530991172 


sw_swy_rePlanet_ice 1 swy_rePlanet_ice 0.800000 0 0 0 0 1
-70.000000  4 2071 1 1224979098644774912 1679 1 1224979098644774912 1679 1 1224979098644774912 1678 2 1224979098644774912 1008806316530991172 


sw_swy_rePlanet_craters 1 swy_rePlanet_craters 0.500000 0 0 0 0 1
-70.000000  4 2071 1 1224979098644774912 1679 1 1224979098644774912 1679 1 1224979098644774912 1678 2 1224979098644774912 1008806316530991172 


sw_swy_rePlanet_water 1 swy_rePlanet_water 0.800000 0 0 0 0 1
-70.000000  4 2071 1 1224979098644774912 1679 1 1224979098644774912 1679 1 1224979098644774912 1678 2 1224979098644774912 1008806316530991172 


sw_swy_rePlanet_kashyyyk 1 swy_rePlanet_kashyyyk 0.800000 0 0 0 0 1
-70.000000  4 2071 1 1224979098644774912 1679 1 1224979098644774912 1679 1 1224979098644774912 1678 2 1224979098644774912 1008806316530991172 


sw_swy_rePlanet_wilderness 1 swy_rePlanet_wilderness 0.800000 0 0 0 0 1
-70.000000  4 2071 1 1224979098644774912 1679 1 1224979098644774912 1679 1 1224979098644774912 1678 2 1224979098644774912 1008806316530991172 


sw_swy_rePlanet_rock 1 swy_rePlanet_rock 0.800000 0 0 0 0 1
-70.000000  4 2071 1 1224979098644774912 1679 1 1224979098644774912 1679 1 1224979098644774912 1678 2 1224979098644774912 1008806316530991172 


sw_galaxy 1 swy_rePlanet_rock 0.800000 0 0 0 0 1
-70.000000  4 2071 1 1224979098644774912 1679 1 1224979098644774912 1679 1 1224979098644774912 1678 2 1224979098644774912 1008806316530991172 


sw_swy_Planet_Sarapin 1 swy_Planet_Sarapin 0.800000 0 0 0 0 1
-70.000000  4 2071 1 1224979098644774912 1679 1 1224979098644774912 1679 1 1224979098644774912 1678 2 1224979098644774912 1008806316530991172 


sw_swy_Planet_RaxusPrime 1 swy_Planet_RaxusPrime 0.800000 0 0 0 0 1
-70.000000  4 2071 1 1224979098644774912 1679 1 1224979098644774912 1679 1 1224979098644774912 1678 2 1224979098644774912 1008806316530991173 


sw_swy_NarShadda 1 swy_Planet_Coruscant 0.500000 0 0 0 0 1
-70.000000  6 2071 1 1224979098644774912 1679 1 1224979098644774912 1679 1 1224979098644774912 1679 1 1224979098644774912 1679 1 1224979098644774912 1678 2 1224979098644774912 1008806316530991175 


