partiesfile version 1
277 277
 1 0 0 p_main_party Main_Party 1048576 0 0 11 0 0 0 0 0 -35.029999 -31.469999 -35.029999 -31.469999 -35.029999 -31.469999 0.0 1 0 1 0 0 
0.000000
 1 1 1 p_temp_party temp_party 256 0 0 1 0 0 0 0 0 0.000000 0.000000 0.000000 0.000000 0.000000 0.000000 0.0 0 
0.000000
 1 2 2 p_camp_bandits camp_bandits 256 0 0 2 0 0 0 0 0 1.000000 1.000000 1.000000 1.000000 1.000000 1.000000 0.0 1 3 3 0 0 
0.000000
 1 3 3 p_temp_party_2 temp_party_2 256 0 0 1 0 0 0 0 0 0.000000 0.000000 0.000000 0.000000 0.000000 0.000000 0.0 0 
0.000000
 1 4 4 p_temp_casualties casualties 256 0 0 3 0 0 0 0 0 1.000000 1.000000 1.000000 1.000000 1.000000 1.000000 0.0 0 
0.000000
 1 5 5 p_temp_casualties_2 casualties 256 0 0 3 0 0 0 0 0 1.000000 1.000000 1.000000 1.000000 1.000000 1.000000 0.0 0 
0.000000
 1 6 6 p_temp_casualties_3 casualties 256 0 0 3 0 0 0 0 0 1.000000 1.000000 1.000000 1.000000 1.000000 1.000000 0.0 0 
0.000000
 1 7 7 p_temp_wounded enemies_wounded 256 0 0 3 0 0 0 0 0 1.000000 1.000000 1.000000 1.000000 1.000000 1.000000 0.0 0 
0.000000
 1 8 8 p_temp_killed enemies_killed 256 0 0 3 0 0 0 0 0 1.000000 1.000000 1.000000 1.000000 1.000000 1.000000 0.0 0 
0.000000
 1 9 9 p_main_party_backup _ 256 0 0 3 0 0 0 0 0 1.000000 1.000000 1.000000 1.000000 1.000000 1.000000 0.0 0 
0.000000
 1 10 10 p_encountered_party_backup _ 256 0 0 3 0 0 0 0 0 1.000000 1.000000 1.000000 1.000000 1.000000 1.000000 0.0 0 
0.000000
 1 11 11 p_collective_friends_backup _ 256 0 0 3 0 0 0 0 0 1.000000 1.000000 1.000000 1.000000 1.000000 1.000000 0.0 0 
0.000000
 1 12 12 p_player_casualties _ 256 0 0 3 0 0 0 0 0 1.000000 1.000000 1.000000 1.000000 1.000000 1.000000 0.0 0 
0.000000
 1 13 13 p_enemy_casualties _ 256 0 0 3 0 0 0 0 0 1.000000 1.000000 1.000000 1.000000 1.000000 1.000000 0.0 0 
0.000000
 1 14 14 p_ally_casualties _ 256 0 0 3 0 0 0 0 0 1.000000 1.000000 1.000000 1.000000 1.000000 1.000000 0.0 0 
0.000000
 1 15 15 p_collective_enemy collective_enemy 256 0 0 3 0 0 0 0 0 1.000000 1.000000 1.000000 1.000000 1.000000 1.000000 0.0 0 
0.000000
 1 16 16 p_collective_ally collective_ally 256 0 0 3 0 0 0 0 0 1.000000 1.000000 1.000000 1.000000 1.000000 1.000000 0.0 0 
0.000000
 1 17 17 p_collective_friends collective_ally 256 0 0 3 0 0 0 0 0 1.000000 1.000000 1.000000 1.000000 1.000000 1.000000 0.0 0 
0.000000
 1 18 18 p_town_merc_1 town1_mercs 256 0 0 3 0 0 0 0 0 0.000000 0.000000 0.000000 0.000000 0.000000 0.000000 0.0 0 
0.000000
 1 19 19 p_town_merc_2 town2_mercs 256 0 0 3 0 0 0 0 0 0.000000 0.000000 0.000000 0.000000 0.000000 0.000000 0.0 0 
0.000000
 1 20 20 p_town_merc_3 town3_mercs 256 0 0 3 0 0 0 0 0 0.000000 0.000000 0.000000 0.000000 0.000000 0.000000 0.0 0 
0.000000
 1 21 21 p_town_merc_4 town4_mercs 256 0 0 3 0 0 0 0 0 0.000000 0.000000 0.000000 0.000000 0.000000 0.000000 0.0 0 
0.000000
 1 22 22 p_town_merc_5 town5_mercs 256 0 0 3 0 0 0 0 0 0.000000 0.000000 0.000000 0.000000 0.000000 0.000000 0.0 0 
0.000000
 1 23 23 p_town_merc_6 town6_mercs 256 0 0 3 0 0 0 0 0 0.000000 0.000000 0.000000 0.000000 0.000000 0.000000 0.0 0 
0.000000
 1 24 24 p_town_merc_7 town7_mercs 256 0 0 3 0 0 0 0 0 0.000000 0.000000 0.000000 0.000000 0.000000 0.000000 0.0 0 
0.000000
 1 25 25 p_town_merc_8 town8_mercs 256 0 0 3 0 0 0 0 0 0.000000 0.000000 0.000000 0.000000 0.000000 0.000000 0.0 0 
0.000000
 1 26 26 p_town_merc_9 town9_mercs 256 0 0 3 0 0 0 0 0 0.000000 0.000000 0.000000 0.000000 0.000000 0.000000 0.0 0 
0.000000
 1 27 27 p_town_merc_10 town10_mercs 256 0 0 3 0 0 0 0 0 0.000000 0.000000 0.000000 0.000000 0.000000 0.000000 0.0 0 
0.000000
 1 28 28 p_town_merc_11 town11_mercs 256 0 0 3 0 0 0 0 0 0.000000 0.000000 0.000000 0.000000 0.000000 0.000000 0.0 0 
0.000000
 1 29 29 p_town_merc_12 town12_mercs 256 0 0 3 0 0 0 0 0 0.000000 0.000000 0.000000 0.000000 0.000000 0.000000 0.0 0 
0.000000
 1 30 30 p_town_merc_13 town13_mercs 256 0 0 3 0 0 0 0 0 0.000000 0.000000 0.000000 0.000000 0.000000 0.000000 0.0 0 
0.000000
 1 31 31 p_town_merc_14 town14_mercs 256 0 0 3 0 0 0 0 0 0.000000 0.000000 0.000000 0.000000 0.000000 0.000000 0.0 0 
0.000000
 1 32 32 p_town_merc_15 town15_mercs 256 0 0 3 0 0 0 0 0 0.000000 0.000000 0.000000 0.000000 0.000000 0.000000 0.0 0 
0.000000
 1 33 33 p_town_merc_16 town16_mercs 256 0 0 3 0 0 0 0 0 0.000000 0.000000 0.000000 0.000000 0.000000 0.000000 0.0 0 
0.000000
 1 34 34 p_town_merc_17 town17_mercs 256 0 0 3 0 0 0 0 0 0.000000 0.000000 0.000000 0.000000 0.000000 0.000000 0.0 0 
0.000000
 1 35 35 p_town_merc_18 town18_mercs 256 0 0 3 0 0 0 0 0 0.000000 0.000000 0.000000 0.000000 0.000000 0.000000 0.0 0 
0.000000
 1 36 36 p_town_merc_19 town19_mercs 256 0 0 3 0 0 0 0 0 0.000000 0.000000 0.000000 0.000000 0.000000 0.000000 0.0 0 
0.000000
 1 37 37 p_town_merc_20 town20_mercs 256 0 0 3 0 0 0 0 0 0.000000 0.000000 0.000000 0.000000 0.000000 0.000000 0.0 0 
0.000000
 1 38 38 p_town_merc_21 town21_mercs 256 0 0 3 0 0 0 0 0 0.000000 0.000000 0.000000 0.000000 0.000000 0.000000 0.0 0 
0.000000
 1 39 39 p_zendar Zendar 2114861 0 0 3 0 0 0 0 0 -138.559998 -23.480000 -138.559998 -23.480000 -138.559998 -23.480000 0.0 0 
0.000000
 1 40 40 p_shipyard_trade_federation Trade_Federation 4219931 0 0 3 0 0 0 0 0 41.410000 -27.520000 41.410000 -27.520000 41.410000 -27.520000 0.0 0 
4.537856
 1 41 41 p_shipyard_kuat Kuat_Shipyards 4219945 0 0 3 0 0 0 0 0 5.810000 -19.650000 5.810000 -19.650000 5.810000 -19.650000 0.0 0 
4.537856
 1 42 42 p_shipyard_raxus Raxus_Prime_Shipyards 4219945 0 0 3 0 0 0 0 0 130.520004 124.809998 130.520004 124.809998 130.520004 124.809998 0.0 0 
4.537856
 1 43 43 p_shipyard_corellia Corellia_Shipyards 4219945 0 0 3 0 0 0 0 0 -7.960000 -42.400002 -7.960000 -42.400002 -7.960000 -42.400002 0.0 0 
4.537856
 1 44 44 p_shipyard_moncal Mon_Cal_Shipyards 4219945 0 0 3 0 0 0 0 0 115.300003 80.930000 115.300003 80.930000 115.300003 80.930000 0.0 0 
4.537856
 1 45 45 p_shipyard_mandalore Mandalore_Shipyards 4219945 0 0 3 0 0 0 0 0 7.650000 64.010002 7.650000 64.010002 7.650000 64.010002 0.0 0 
4.537856
 1 46 46 p_shipyard_fondor Fondor_Shipyards 4219945 0 0 3 0 0 0 0 0 -49.700001 -52.520000 -49.700001 -52.520000 -49.700001 -52.520000 0.0 0 
4.537856
 1 47 47 p_town_1 Mandalore 4220132 0 0 3 0 0 0 0 0 13.680000 64.510002 13.680000 64.510002 13.680000 64.510002 0.0 0 
2.967060
 1 48 48 p_town_2 Byss 4220124 0 0 3 0 0 0 0 0 -78.269997 -25.150000 -78.269997 -25.150000 -78.269997 -25.150000 0.0 0 
2.094395
 1 49 49 p_town_3 Endor 4220124 0 0 3 0 0 0 0 0 -98.050003 -60.500000 -98.050003 -60.500000 -98.050003 -60.500000 0.0 0 
1.396263
 1 50 50 p_town_4 Corellia 4220137 0 0 3 0 0 0 0 0 -1.540000 -45.299999 -1.540000 -45.299999 -1.540000 -45.299999 0.0 0 
5.061455
 1 51 51 p_town_5 Naboo 4220137 0 0 3 0 0 0 0 0 17.209999 -91.040001 17.209999 -91.040001 17.209999 -91.040001 0.0 0 
1.570796
 1 52 52 p_town_6 Kessel 4220128 0 0 3 0 0 0 0 0 122.769997 43.279999 122.769997 43.279999 122.769997 43.279999 0.0 0 
2.705260
 1 53 53 p_town_7 Dantooine 4220138 0 0 3 0 0 0 0 0 -98.209999 97.199997 -98.209999 97.199997 -98.209999 97.199997 0.0 0 
4.188790
 1 54 54 p_town_8 Geonosis 4220131 0 0 3 0 0 0 0 0 123.029999 -122.760002 123.029999 -122.760002 123.029999 -122.760002 0.0 0 
3.054326
 1 55 55 p_town_9 Mon_Cal 4220136 0 0 3 0 0 0 0 0 117.839996 85.889999 117.839996 85.889999 117.839996 85.889999 0.0 0 
1.570796
 1 56 56 p_town_10 Kashyyyk 4220137 0 0 3 0 0 0 0 0 24.559999 4.170000 24.559999 4.170000 24.559999 4.170000 0.0 0 
5.410521
 1 57 57 p_town_11 Hoth 4220133 0 0 3 0 0 0 0 0 -94.589996 -124.589996 -94.589996 -124.589996 -94.589996 -124.589996 0.0 0 
2.617994
 1 58 58 p_town_12 Gamorr 4220131 0 0 3 0 0 0 0 0 104.510002 -9.520000 104.510002 -9.520000 104.510002 -9.520000 0.0 0 
0.436332
 1 59 59 p_town_13 Yavin_IV 4220138 0 0 3 0 0 0 0 0 70.489998 104.300003 70.489998 104.300003 70.489998 104.300003 0.0 0 
1.047198
 1 60 60 p_town_14 Tatooine 4220127 0 0 3 0 0 0 0 0 118.690002 -80.910004 118.690002 -80.910004 118.690002 -80.910004 0.0 0 
2.356194
 1 61 61 p_town_15 Reecee 4220134 0 0 3 0 0 0 0 0 -108.730003 28.570000 -108.730003 28.570000 -108.730003 28.570000 0.0 0 
2.356194
 1 62 62 p_town_16 Coruscant 4220123 0 0 3 0 0 0 0 0 -54.669998 12.360000 -54.669998 12.360000 -54.669998 12.360000 0.0 0 
2.356194
 1 63 63 p_town_17 Ryloth 4220127 0 0 3 0 0 0 0 0 73.000000 -116.120003 73.000000 -116.120003 73.000000 -116.120003 0.0 0 
2.356194
 1 64 64 p_town_18 Nal_Hutta 4220127 0 0 3 0 0 0 0 0 86.779999 13.880000 86.779999 13.880000 86.779999 13.880000 0.0 0 
2.356194
 1 65 65 p_town_19 Bothawui 4220137 0 0 3 0 0 0 0 0 61.700001 -38.900002 61.700001 -38.900002 61.700001 -38.900002 0.0 0 
2.356194
 1 66 66 p_town_20 Mustafar 4220130 0 0 3 0 0 0 0 0 -28.799999 -129.399994 -28.799999 -129.399994 -28.799999 -129.399994 0.0 0 
2.356194
 1 67 67 p_town_21 Kamino 4220136 0 0 3 0 0 0 0 0 96.370003 -56.799999 96.370003 -56.799999 96.370003 -56.799999 0.0 0 
2.356194
 1 68 68 p_castle_1 Bespin 4215847 0 0 3 0 0 0 0 0 -87.440002 -93.660004 -87.440002 -93.660004 -87.440002 -93.660004 0.0 0 
0.872665
 1 69 69 p_castle_2 Corellia_Outpost 4215851 0 0 3 0 0 0 0 0 -9.380000 -50.529999 -9.380000 -50.529999 -9.380000 -50.529999 0.0 0 
1.308997
 1 70 70 p_castle_3 Yavin_IV_Battlestation 4215850 0 0 3 0 0 0 0 0 69.389999 97.029999 69.389999 97.029999 69.389999 97.029999 0.0 0 
1.745329
 1 71 71 p_castle_4 Dagobah 4215847 0 0 3 0 0 0 0 0 30.770000 -122.470001 30.770000 -122.470001 30.770000 -122.470001 0.0 0 
3.141593
 1 72 72 p_castle_5 Death_Star 4216026 0 0 3 0 0 0 0 0 -102.669998 -54.090000 -102.669998 -54.090000 -102.669998 -54.090000 0.0 0 
1.570796
 1 73 73 p_castle_6 Endor_Outpost 4215848 0 0 3 0 0 0 0 0 -93.989998 -67.089996 -93.989998 -67.089996 -93.989998 -67.089996 0.0 0 
0.959931
 1 74 74 p_castle_7 Mon_Cal_Battlestation 4215850 0 0 3 0 0 0 0 0 104.379997 87.900002 104.379997 87.900002 104.379997 87.900002 0.0 0 
0.785398
 1 75 75 p_castle_8 Ryloth_Battlestation 4215850 0 0 3 0 0 0 0 0 67.349998 -106.500000 67.349998 -106.500000 67.349998 -106.500000 0.0 0 
0.523599
 1 76 76 p_castle_9 Byss_Battlestation 4215850 0 0 3 0 0 0 0 0 -86.000000 -30.280001 -86.000000 -30.280001 -86.000000 -30.280001 0.0 0 
1.745329
 1 77 77 p_castle_10 Kessel_Battlestation 4215850 0 0 3 0 0 0 0 0 112.379997 37.590000 112.379997 37.590000 112.379997 37.590000 0.0 0 
1.919862
 1 78 78 p_castle_11 Avatar_Platform 4215848 0 0 3 0 0 0 0 0 18.430000 12.320000 18.430000 12.320000 18.430000 12.320000 0.0 0 
1.308997
 1 79 79 p_castle_12 Reecee_Outpost 4215852 0 0 3 0 0 0 0 0 -105.110001 33.150002 -105.110001 33.150002 -105.110001 33.150002 0.0 0 
1.658063
 1 80 80 p_castle_13 Byss_Outpost 4215851 0 0 3 0 0 0 0 0 -67.199997 -24.320000 -67.199997 -24.320000 -67.199997 -24.320000 0.0 0 
2.007129
 1 81 81 p_castle_14 Nal_Hutta_Battlestation 4215850 0 0 3 0 0 0 0 0 105.379997 16.209999 105.379997 16.209999 105.379997 16.209999 0.0 0 
1.570796
 1 82 82 p_castle_15 Dantooine_Battlestation 4215850 0 0 3 0 0 0 0 0 -94.650002 88.160004 -94.650002 88.160004 -94.650002 88.160004 0.0 0 
4.101524
 1 83 83 p_castle_16 Kashyyyk_Outpost 4215852 0 0 3 0 0 0 0 0 16.120001 -3.180000 16.120001 -3.180000 16.120001 -3.180000 0.0 0 
0.785398
 1 84 84 p_castle_17 Coruscant_Outpost 4215851 0 0 3 0 0 0 0 0 -46.630001 12.470000 -46.630001 12.470000 -46.630001 12.470000 0.0 0 
0.261799
 1 85 85 p_castle_18 Hoth_Battlestation 4215850 0 0 3 0 0 0 0 0 -113.150002 -111.989998 -113.150002 -111.989998 -113.150002 -111.989998 0.0 0 
5.235988
 1 86 86 p_castle_19 Bakura 4215847 0 0 3 0 0 0 0 0 -143.119995 -60.230000 -143.119995 -60.230000 -143.119995 -60.230000 0.0 0 
4.886922
 1 87 87 p_castle_20 Gamorr_Outpost 4215852 0 0 3 0 0 0 0 0 106.440002 -19.180000 106.440002 -19.180000 106.440002 -19.180000 0.0 0 
4.537856
 1 88 88 p_castle_21 Mandalore_Battlestation 4215850 0 0 3 0 0 0 0 0 24.340000 59.150002 24.340000 59.150002 24.340000 59.150002 0.0 0 
4.537856
 1 89 89 p_castle_22 Reecee_Battlestation 4215850 0 0 3 0 0 0 0 0 -97.629997 29.820000 -97.629997 29.820000 -97.629997 29.820000 0.0 0 
4.537856
 1 90 90 p_castle_23 Corellia_Battlestation 4215850 0 0 3 0 0 0 0 0 8.370000 -48.619999 8.370000 -48.619999 8.370000 -48.619999 0.0 0 
1.396263
 1 91 91 p_castle_24 Geonosis_Battlestation 4215850 0 0 3 0 0 0 0 0 112.720001 -129.279999 112.720001 -129.279999 112.720001 -129.279999 0.0 0 
4.537856
 1 92 92 p_castle_25 Mandalore_Outpost 4215848 0 0 3 0 0 0 0 0 -5.670000 65.919998 -5.670000 65.919998 -5.670000 65.919998 0.0 0 
4.537856
 1 93 93 p_castle_26 Geonosis_Outpost 4215851 0 0 3 0 0 0 0 0 118.970001 -112.779999 118.970001 -112.779999 118.970001 -112.779999 0.0 0 
4.537856
 1 94 94 p_castle_27 Kessel_Outpost 4215848 0 0 3 0 0 0 0 0 120.239998 54.110001 120.239998 54.110001 120.239998 54.110001 0.0 0 
4.537856
 1 95 95 p_castle_28 Dathomir 4215847 0 0 3 0 0 0 0 0 -16.840000 90.300003 -16.840000 90.300003 -16.840000 90.300003 0.0 0 
4.537856
 1 96 96 p_castle_29 Hoth_Outpost 4215852 0 0 3 0 0 0 0 0 -100.449997 -129.020004 -100.449997 -129.020004 -100.449997 -129.020004 0.0 0 
4.886922
 1 97 97 p_castle_30 Tatooine_Battlestation 4215850 0 0 3 0 0 0 0 0 124.480003 -90.260002 124.480003 -90.260002 124.480003 -90.260002 0.0 0 
4.537856
 1 98 98 p_castle_31 Gamorr_Battlestation 4215850 0 0 3 0 0 0 0 0 95.860001 -5.820000 95.860001 -5.820000 95.860001 -5.820000 0.0 0 
4.537856
 1 99 99 p_castle_32 Ryloth_Outpost 4215851 0 0 3 0 0 0 0 0 81.949997 -116.900002 81.949997 -116.900002 81.949997 -116.900002 0.0 0 
4.537856
 1 100 100 p_castle_33 Naboo_Outpost 4215852 0 0 3 0 0 0 0 0 6.690000 -83.269997 6.690000 -83.269997 6.690000 -83.269997 0.0 0 
1.396263
 1 101 101 p_castle_34 Dantooine_Outpost 4215851 0 0 3 0 0 0 0 0 -83.180000 105.379997 -83.180000 105.379997 -83.180000 105.379997 0.0 0 
4.537856
 1 102 102 p_castle_35 Naboo_Battlestation 4215850 0 0 3 0 0 0 0 0 19.950001 -98.339996 19.950001 -98.339996 19.950001 -98.339996 0.0 0 
4.537856
 1 103 103 p_castle_36 Coruscant_Battlestation 4215850 0 0 3 0 0 0 0 0 -61.590000 17.840000 -61.590000 17.840000 -61.590000 17.840000 0.0 0 
4.537856
 1 104 104 p_castle_37 Yavin_IV_Outpost 4215852 0 0 3 0 0 0 0 0 62.889999 111.739998 62.889999 111.739998 62.889999 111.739998 0.0 0 
4.537856
 1 105 105 p_castle_38 Nal_Hutta_Outpost 4215851 0 0 3 0 0 0 0 0 82.230003 21.230000 82.230003 21.230000 82.230003 21.230000 0.0 0 
4.537856
 1 106 106 p_castle_39 Mon_Cal_Outpost 4215852 0 0 3 0 0 0 0 0 126.610001 78.279999 126.610001 78.279999 126.610001 78.279999 0.0 0 
4.886922
 1 107 107 p_castle_40 Tatooine_Outpost 4215851 0 0 3 0 0 0 0 0 108.110001 -73.070000 108.110001 -73.070000 108.110001 -73.070000 0.0 0 
4.537856
 1 108 108 p_village_1 Honoghr 2114624 0 0 3 0 0 0 0 0 127.199997 29.840000 127.199997 29.840000 127.199997 29.840000 0.0 0 
1.745329
 1 109 109 p_village_2 Chandrila 2114625 0 0 3 0 0 0 0 0 -30.650000 25.320000 -30.650000 25.320000 -30.650000 25.320000 0.0 0 
1.919862
 1 110 110 p_village_3 Tholatin 2114626 0 0 3 0 0 0 0 0 40.549999 -15.310000 40.549999 -15.310000 40.549999 -15.310000 0.0 0 
2.094395
 1 111 111 p_village_4 Ilum 2114627 0 0 3 0 0 0 0 0 -145.850006 44.200001 -145.850006 44.200001 -145.850006 44.200001 0.0 0 
2.268928
 1 112 112 p_village_5 Sernpidal 2114628 0 0 3 0 0 0 0 0 -27.750000 133.839996 -27.750000 133.839996 -27.750000 133.839996 0.0 0 
2.967060
 1 113 113 p_village_6 Velmor 2114630 0 0 3 0 0 0 0 0 8.740000 48.779999 8.740000 48.779999 8.740000 48.779999 0.0 0 
1.745329
 1 114 114 p_village_7 Hoth_Moon 2114629 0 0 3 0 0 0 0 0 -80.029999 -117.629997 -80.029999 -117.629997 -80.029999 -117.629997 0.0 0 
1.919862
 1 115 115 p_village_8 Bespin_Moon 2114631 0 0 3 0 0 0 0 0 -82.940002 -101.980003 -82.940002 -101.980003 -82.940002 -101.980003 0.0 0 
2.094395
 1 116 116 p_village_9 Dubrillion 2114632 0 0 3 0 0 0 0 0 -74.150002 124.180000 -74.150002 124.180000 -74.150002 124.180000 0.0 0 
2.268928
 1 117 117 p_village_10 Riflor 2114633 0 0 3 0 0 0 0 0 -96.480003 -82.269997 -96.480003 -82.269997 -96.480003 -82.269997 0.0 0 
2.967060
 1 118 118 p_village_11 Siskeen 2114634 0 0 3 0 0 0 0 0 120.680000 -49.020000 120.680000 -49.020000 120.680000 -49.020000 0.0 0 
1.745329
 1 119 119 p_village_12 Rakata_Prime 2114635 0 0 3 0 0 0 0 0 -138.500000 0.180000 -138.500000 0.180000 -138.500000 0.180000 0.0 0 
1.919862
 1 120 120 p_village_13 Myrkr 2114636 0 0 3 0 0 0 0 0 -19.980000 35.169998 -19.980000 35.169998 -19.980000 35.169998 0.0 0 
2.094395
 1 121 121 p_village_14 Ziost 2114637 0 0 3 0 0 0 0 0 112.930000 131.610001 112.930000 131.610001 112.930000 131.610001 0.0 0 
2.268928
 1 122 122 p_village_15 Corellia_Moon 2114638 0 0 3 0 0 0 0 0 1.070000 -38.259998 1.070000 -38.259998 1.070000 -38.259998 0.0 0 
2.967060
 1 123 123 p_village_16 Vargnat 2114639 0 0 3 0 0 0 0 0 -51.939999 -72.379997 -51.939999 -72.379997 -51.939999 -72.379997 0.0 0 
2.967060
 1 124 124 p_village_17 Lannik 2114640 0 0 3 0 0 0 0 0 -6.500000 -29.110001 -6.500000 -29.110001 -6.500000 -29.110001 0.0 0 
0.610865
 1 125 125 p_village_18 Fondor 2114641 0 0 3 0 0 0 0 0 -55.080002 -49.590000 -55.080002 -49.590000 -55.080002 -49.590000 0.0 0 
2.967060
 1 126 126 p_village_19 Bakura_Moon 2114642 0 0 3 0 0 0 0 0 -136.160004 -67.800003 -136.160004 -67.800003 -136.160004 -67.800003 0.0 0 
2.967060
 1 127 127 p_village_20 Mon_Cal_Moon 2114639 0 0 3 0 0 0 0 0 124.169998 92.050003 124.169998 92.050003 124.169998 92.050003 0.0 0 
2.967060
 1 128 128 p_village_21 Isde_Naha 2114643 0 0 3 0 0 0 0 0 -55.380001 -126.970001 -55.380001 -126.970001 -55.380001 -126.970001 0.0 0 
1.745329
 1 129 129 p_village_22 Duro 2114644 0 0 3 0 0 0 0 0 -33.049999 -46.169998 -33.049999 -46.169998 -33.049999 -46.169998 0.0 0 
1.919862
 1 130 130 p_village_23 Coruscant_Moon 2114624 0 0 3 0 0 0 0 0 -61.150002 4.680000 -61.150002 4.680000 -61.150002 4.680000 0.0 0 
2.094395
 1 131 131 p_village_24 Anoth 2114625 0 0 3 0 0 0 0 0 -96.760002 -145.639999 -96.760002 -145.639999 -96.760002 -145.639999 0.0 0 
2.268928
 1 132 132 p_village_25 Tatooine_Moon 2114635 0 0 3 0 0 0 0 0 128.029999 -75.019997 128.029999 -75.019997 128.029999 -75.019997 0.0 0 
2.967060
 1 133 133 p_village_26 Rori 2114626 0 0 3 0 0 0 0 0 26.480000 -84.550003 26.480000 -84.550003 26.480000 -84.550003 0.0 0 
2.967060
 1 134 134 p_village_27 Bilbringi 2114627 0 0 3 0 0 0 0 0 -96.260002 40.820000 -96.260002 40.820000 -96.260002 40.820000 0.0 0 
2.967060
 1 135 135 p_village_28 Tynna 2114628 0 0 3 0 0 0 0 0 27.610001 -58.630001 27.610001 -58.630001 27.610001 -58.630001 0.0 0 
2.967060
 1 136 136 p_village_29 Dantooine_Moon 2114630 0 0 3 0 0 0 0 0 -107.400002 105.750000 -107.400002 105.750000 -107.400002 105.750000 0.0 0 
2.967060
 1 137 137 p_village_30 Corulag 2114629 0 0 3 0 0 0 0 0 -41.009998 1.110000 -41.009998 1.110000 -41.009998 1.110000 0.0 0 
2.967060
 1 138 138 p_village_31 Togoria 2114631 0 0 3 0 0 0 0 0 48.009998 24.469999 48.009998 24.469999 48.009998 24.469999 0.0 0 
1.745329
 1 139 139 p_village_32 Zhar 2114632 0 0 3 0 0 0 0 0 75.230003 -92.339996 75.230003 -92.339996 75.230003 -92.339996 0.0 0 
1.919862
 1 140 140 p_village_33 Muunulist 2114633 0 0 3 0 0 0 0 0 -131.309998 88.059998 -131.309998 88.059998 -131.309998 88.059998 0.0 0 
2.094395
 1 141 141 p_village_34 Ruuria 2114634 0 0 3 0 0 0 0 0 71.279999 143.419998 71.279999 143.419998 71.279999 143.419998 0.0 0 
2.268928
 1 142 142 p_village_35 Iridonia 2114635 0 0 3 0 0 0 0 0 -125.629997 53.150002 -125.629997 53.150002 -125.629997 53.150002 0.0 0 
2.967060
 1 143 143 p_village_36 Kessel_Moon 2114644 0 0 3 0 0 0 0 0 134.130005 40.790001 134.130005 40.790001 134.130005 40.790001 0.0 0 
2.967060
 1 144 144 p_village_37 Bimmsari 2114636 0 0 3 0 0 0 0 0 67.110001 1.980000 67.110001 1.980000 67.110001 1.980000 0.0 0 
2.967060
 1 145 145 p_village_38 Belkadan 2114637 0 0 3 0 0 0 0 0 -118.339996 139.699997 -118.339996 139.699997 -118.339996 139.699997 0.0 0 
2.967060
 1 146 146 p_village_39 Helska 2114638 0 0 3 0 0 0 0 0 -118.430000 124.489998 -118.430000 124.489998 -118.430000 124.489998 0.0 0 
2.967060
 1 147 147 p_village_40 Saki 2114639 0 0 3 0 0 0 0 0 56.340000 -30.290001 56.340000 -30.290001 56.340000 -30.290001 0.0 0 
2.967060
 1 148 148 p_village_41 Nar_Shadda 2114640 0 0 3 0 0 0 0 0 82.220001 6.680000 82.220001 6.680000 82.220001 6.680000 0.0 0 
1.745329
 1 149 149 p_village_42 Bothawui_Moon 2114624 0 0 3 0 0 0 0 0 66.379997 -47.509998 66.379997 -47.509998 66.379997 -47.509998 0.0 0 
1.919862
 1 150 150 p_village_43 Alzoc_III 2114641 0 0 3 0 0 0 0 0 96.320000 -141.220001 96.320000 -141.220001 96.320000 -141.220001 0.0 0 
2.094395
 1 151 151 p_village_44 Ruusan 2114642 0 0 3 0 0 0 0 0 10.820000 -30.010000 10.820000 -30.010000 10.820000 -30.010000 0.0 0 
2.268928
 1 152 152 p_village_45 Dathomir_Moon 2114639 0 0 3 0 0 0 0 0 -19.070000 98.410004 -19.070000 98.410004 -19.070000 98.410004 0.0 0 
2.967060
 1 153 153 p_village_46 Yag'Dhul 2114643 0 0 3 0 0 0 0 0 -36.959999 -66.680000 -36.959999 -66.680000 -36.959999 -66.680000 0.0 0 
2.967060
 1 154 154 p_village_47 Selvaris 2114644 0 0 3 0 0 0 0 0 -133.919998 27.490000 -133.919998 27.490000 -133.919998 27.490000 0.0 0 
2.967060
 1 155 155 p_village_48 Sump 2114624 0 0 3 0 0 0 0 0 -139.369995 -124.540001 -139.369995 -124.540001 -139.369995 -124.540001 0.0 0 
2.967060
 1 156 156 p_village_49 Mustafar_Moon 2114642 0 0 3 0 0 0 0 0 -22.680000 -120.099998 -22.680000 -120.099998 -22.680000 -120.099998 0.0 0 
0.174533
 1 157 157 p_village_50 Dosuun 2114625 0 0 3 0 0 0 0 0 -140.919998 -144.820007 -140.919998 -144.820007 -140.919998 -144.820007 0.0 0 
2.967060
 1 158 158 p_village_51 Yaga_Minor 2114626 0 0 3 0 0 0 0 0 -135.009995 65.110001 -135.009995 65.110001 -135.009995 65.110001 0.0 0 
1.745329
 1 159 159 p_village_52 Nar_Kreeta 2114627 0 0 3 0 0 0 0 0 67.370003 -14.000000 67.370003 -14.000000 67.370003 -14.000000 0.0 0 
1.919862
 1 160 160 p_village_53 Pzob 2114628 0 0 3 0 0 0 0 0 133.029999 -32.169998 133.029999 -32.169998 133.029999 -32.169998 0.0 0 
2.094395
 1 161 161 p_village_54 Barab_I 2114629 0 0 3 0 0 0 0 0 141.360001 8.700000 141.360001 8.700000 141.360001 8.700000 0.0 0 
2.268928
 1 162 162 p_village_55 Lamaredd 2114630 0 0 3 0 0 0 0 0 137.559998 -132.270004 137.559998 -132.270004 137.559998 -132.270004 0.0 0 
2.967060
 1 163 163 p_village_56 Ithor 2114631 0 0 3 0 0 0 0 0 -83.070000 67.510002 -83.070000 67.510002 -83.070000 67.510002 0.0 0 
2.967060
 1 164 164 p_village_57 Kuat 2114632 0 0 3 0 0 0 0 0 5.320000 -15.230000 5.320000 -15.230000 5.320000 -15.230000 0.0 0 
2.967060
 1 165 165 p_village_58 Rodia 2114636 0 0 3 0 0 0 0 0 59.040001 -64.790001 59.040001 -64.790001 59.040001 -64.790001 0.0 0 
2.967060
 1 166 166 p_village_59 Bastion 2114633 0 0 3 0 0 0 0 0 -140.309998 116.470001 -140.309998 116.470001 -140.309998 116.470001 0.0 0 
2.967060
 1 167 167 p_village_60 Anobis 2114634 0 0 3 0 0 0 0 0 -85.620003 47.730000 -85.620003 47.730000 -85.620003 47.730000 0.0 0 
2.967060
 1 168 168 p_village_61 Thisspias 2114635 0 0 3 0 0 0 0 0 -0.310000 -11.030000 -0.310000 -11.030000 -0.310000 -11.030000 0.0 0 
1.745329
 1 169 169 p_village_62 Vjun 2114636 0 0 3 0 0 0 0 0 77.339996 70.699997 77.339996 70.699997 77.339996 70.699997 0.0 0 
1.745329
 1 170 170 p_village_63 Raxus_Prime 2114637 0 0 3 0 0 0 0 0 133.490005 115.430000 133.490005 115.430000 133.490005 115.430000 0.0 0 
1.745329
 1 171 171 p_village_64 Kamino_Moon 2114638 0 0 3 0 0 0 0 0 106.830002 -61.799999 106.830002 -61.799999 106.830002 -61.799999 0.0 0 
1.745329
 1 172 172 p_village_65 Mimban 2114639 0 0 3 0 0 0 0 0 20.889999 -48.580002 20.889999 -48.580002 20.889999 -48.580002 0.0 0 
1.745329
 1 173 173 p_village_66 Alaris_Prime 2114630 0 0 3 0 0 0 0 0 35.599998 3.900000 35.599998 3.900000 35.599998 3.900000 0.0 0 
1.745329
 1 174 174 p_village_67 Wayland 2114641 0 0 3 0 0 0 0 0 -18.760000 43.360001 -18.760000 43.360001 -18.760000 43.360001 0.0 0 
1.745329
 1 175 175 p_village_68 Vulpter 2114642 0 0 3 0 0 0 0 0 27.559999 -30.100000 27.559999 -30.100000 27.559999 -30.100000 0.0 0 
1.745329
 1 176 176 p_village_69 Bimmiel 2114643 0 0 3 0 0 0 0 0 37.189999 40.349998 37.189999 40.349998 37.189999 40.349998 0.0 0 
1.745329
 1 177 177 p_village_70 Gamorr_Moon 2114644 0 0 3 0 0 0 0 0 113.910004 -5.990000 113.910004 -5.990000 113.910004 -5.990000 0.0 0 
1.745329
 1 178 178 p_village_71 Mandalore_Moon 2114624 0 0 3 0 0 0 0 0 14.670000 73.980003 14.670000 73.980003 14.670000 73.980003 0.0 0 
0.349066
 1 179 179 p_village_72 Bogden 2114625 0 0 3 0 0 0 0 0 -2.240000 23.750000 -2.240000 23.750000 -2.240000 23.750000 0.0 0 
1.047198
 1 180 180 p_village_73 Dagobah_Moon 2114628 0 0 3 0 0 0 0 0 23.120001 -131.089996 23.120001 -131.089996 23.120001 -131.089996 0.0 0 
0.959931
 1 181 181 p_village_74 Roon 2114626 0 0 3 0 0 0 0 0 83.910004 -55.590000 83.910004 -55.590000 83.910004 -55.590000 0.0 0 
0.261799
 1 182 182 p_village_75 Almania 2114627 0 0 3 0 0 0 0 0 137.880005 140.720001 137.880005 140.720001 137.880005 140.720001 0.0 0 
0.174533
 1 183 183 p_village_76 Obroa_Skai 2114628 0 0 3 0 0 0 0 0 28.170000 29.450001 28.170000 29.450001 28.170000 29.450001 0.0 0 
0.610865
 1 184 184 p_village_77 Ord_Mantell 2114629 0 0 3 0 0 0 0 0 -84.919998 52.160000 -84.919998 52.160000 -84.919998 52.160000 0.0 0 
2.792527
 1 185 185 p_village_78 Charros_IV 2114630 0 0 3 0 0 0 0 0 61.209999 20.240000 61.209999 20.240000 61.209999 20.240000 0.0 0 
3.141593
 1 186 186 p_village_79 Reecee_Moon 2114631 0 0 3 0 0 0 0 0 -112.660004 25.290001 -112.660004 25.290001 -112.660004 25.290001 0.0 0 
0.000000
 1 187 187 p_village_80 N'Zoth 2114632 0 0 3 0 0 0 0 0 -104.730003 -4.950000 -104.730003 -4.950000 -104.730003 -4.950000 0.0 0 
0.698132
 1 188 188 p_village_81 Brentaal 2114633 0 0 3 0 0 0 0 0 -19.260000 5.720000 -19.260000 5.720000 -19.260000 5.720000 0.0 0 
0.349066
 1 189 189 p_village_82 Garqi 2114634 0 0 3 0 0 0 0 0 -104.160004 76.919998 -104.160004 76.919998 -104.160004 76.919998 0.0 0 
1.047198
 1 190 190 p_village_83 Xal_3 2114635 0 0 3 0 0 0 0 0 -120.150002 -80.889999 -120.150002 -80.889999 -120.150002 -80.889999 0.0 0 
0.959931
 1 191 191 p_village_84 Byss_Moon 2114636 0 0 3 0 0 0 0 0 -76.019997 -18.250000 -76.019997 -18.250000 -76.019997 -18.250000 0.0 0 
0.261799
 1 192 192 p_village_85 Phindar 2114637 0 0 3 0 0 0 0 0 44.020000 80.300003 44.020000 80.300003 44.020000 80.300003 0.0 0 
0.174533
 1 193 193 p_village_86 Vaal 2114638 0 0 3 0 0 0 0 0 113.089996 118.839996 113.089996 118.839996 113.089996 118.839996 0.0 0 
0.610865
 1 194 194 p_village_87 Serenno 2114639 0 0 3 0 0 0 0 0 5.540000 113.540001 5.540000 113.540001 5.540000 113.540001 0.0 0 
2.792527
 1 195 195 p_village_88 Derra_IV 2114640 0 0 3 0 0 0 0 0 -5.880000 -66.150002 -5.880000 -66.150002 -5.880000 -66.150002 0.0 0 
3.141593
 1 196 196 p_village_89 Ryloth_Moon 2114641 0 0 3 0 0 0 0 0 63.700001 -121.519997 63.700001 -121.519997 63.700001 -121.519997 0.0 0 
0.000000
 1 197 197 p_village_90 Khomm 2114642 0 0 3 0 0 0 0 0 -52.529999 -42.549999 -52.529999 -42.549999 -52.529999 -42.549999 0.0 0 
0.698132
 1 198 198 p_salt_mine Salt_Mine 2114874 0 0 3 0 0 0 0 0 -139.020004 -41.279999 -139.020004 -41.279999 -139.020004 -41.279999 0.0 0 
0.000000
 1 199 199 p_four_ways_inn Four_Ways_Inn 2114874 0 0 3 0 0 0 0 0 -140.990005 -46.689999 -140.990005 -46.689999 -140.990005 -46.689999 0.0 0 
0.000000
 1 200 200 p_test_scene test_scene 2114874 0 0 3 0 0 0 0 0 -138.460007 -36.240002 -138.460007 -36.240002 -138.460007 -36.240002 0.0 0 
0.000000
 1 201 201 p_battlefields battlefields 2114874 0 0 3 0 0 0 0 0 -129.220001 -27.590000 -129.220001 -27.590000 -129.220001 -27.590000 0.0 0 
0.000000
 1 202 202 p_dhorak_keep Dhorak_Keep 2639149 0 0 3 0 0 0 0 0 -139.169998 -31.980000 -139.169998 -31.980000 -139.169998 -31.980000 0.0 0 
0.000000
 1 203 203 p_training_ground Training_Ground 2114901 0 0 3 0 0 0 0 0 -126.379997 -18.650000 -126.379997 -18.650000 -126.379997 -18.650000 0.0 0 
0.000000
 1 204 204 p_training_ground_1 Training_Academy 2118741 0 0 3 0 0 0 0 0 101.959999 67.160004 101.959999 67.160004 101.959999 67.160004 0.0 0 
1.745329
 1 205 205 p_training_ground_2 Training_Academy 2118741 0 0 3 0 0 0 0 0 -41.220001 116.110001 -41.220001 116.110001 -41.220001 116.110001 0.0 0 
1.745329
 1 206 206 p_training_ground_3 Training_Academy 2118741 0 0 3 0 0 0 0 0 88.809998 -36.040001 88.809998 -36.040001 88.809998 -36.040001 0.0 0 
1.745329
 1 207 207 p_training_ground_4 Training_Academy 2118741 0 0 3 0 0 0 0 0 -58.889999 32.459999 -58.889999 32.459999 -58.889999 32.459999 0.0 0 
1.745329
 1 208 208 p_training_ground_5 Training_Academy 2118741 0 0 3 0 0 0 0 0 -43.209999 -90.239998 -43.209999 -90.239998 -43.209999 -90.239998 0.0 0 
1.745329
 1 209 209 p_bridge_1 1 541782 0 0 3 0 0 0 0 0 82.879997 128.179993 82.879997 128.179993 82.879997 128.179993 0.0 0 
1.745329
 1 210 210 p_bridge_2 2 541782 0 0 3 0 0 0 0 0 -31.740000 -106.040001 -31.740000 -106.040001 -31.740000 -106.040001 0.0 0 
1.745329
 1 211 211 p_bridge_3 3 541782 0 0 3 0 0 0 0 0 71.500000 44.480000 71.500000 44.480000 71.500000 44.480000 0.0 0 
1.745329
 1 212 212 p_bridge_4 4 541782 0 0 3 0 0 0 0 0 -70.699997 -40.950001 -70.699997 -40.950001 -70.699997 -40.950001 0.0 0 
1.745329
 1 213 213 p_bridge_5 5 541782 0 0 3 0 0 0 0 0 133.279999 -19.280001 133.279999 -19.280001 133.279999 -19.280001 0.0 0 
1.745329
 1 214 214 p_bridge_6 6 541784 0 0 3 0 0 0 0 0 38.029999 -72.639999 38.029999 -72.639999 38.029999 -72.639999 0.0 0 
1.745329
 1 215 215 p_bridge_7 7 541784 0 0 3 0 0 0 0 0 10.960000 34.869999 10.960000 34.869999 10.960000 34.869999 0.0 0 
1.745329
 1 216 216 p_bridge_8 8 541784 0 0 3 0 0 0 0 0 -118.070000 -29.459999 -118.070000 -29.459999 -118.070000 -29.459999 0.0 0 
1.745329
 1 217 217 p_bridge_9 9 541782 0 0 3 0 0 0 0 0 98.160004 -96.570000 98.160004 -96.570000 98.160004 -96.570000 0.0 0 
1.745329
 1 218 218 p_bridge_10 10 541782 0 0 3 0 0 0 0 0 24.110001 95.269997 24.110001 95.269997 24.110001 95.269997 0.0 0 
1.745329
 1 219 219 p_bridge_11 11 541782 0 0 3 0 0 0 0 0 -136.369995 -97.559998 -136.369995 -97.559998 -136.369995 -97.559998 0.0 0 
1.745329
 1 220 220 p_bridge_12 12 541783 0 0 3 0 0 0 0 0 -73.489998 -72.419998 -73.489998 -72.419998 -73.489998 -72.419998 0.0 0 
1.745329
 1 221 221 p_bridge_13 13 541783 0 0 3 0 0 0 0 0 -69.260002 141.419998 -69.260002 141.419998 -69.260002 141.419998 0.0 0 
1.745329
 1 222 222 p_bridge_14 14 541783 0 0 3 0 0 0 0 0 -51.500000 71.449997 -51.500000 71.449997 -51.500000 71.449997 0.0 0 
1.745329
 1 223 223 p_bridge_15 15 541783 0 0 3 0 0 0 0 0 103.870003 -50.299999 103.870003 -50.299999 103.870003 -50.299999 0.0 0 
1.745329
 1 224 224 p_debris_1 1 541732 0 0 3 0 0 0 0 0 -118.099998 -113.099998 -118.099998 -113.099998 -118.099998 -113.099998 0.0 0 
1.745329
 1 225 225 p_debris_2 1 541734 0 0 3 0 0 0 0 0 -126.500000 -106.199997 -126.500000 -106.199997 -126.500000 -106.199997 0.0 0 
1.745329
 1 226 226 p_debris_3 1 541733 0 0 3 0 0 0 0 0 -16.799999 -10.300000 -16.799999 -10.300000 -16.799999 -10.300000 0.0 0 
1.745329
 1 227 227 p_debris_4 1 541734 0 0 3 0 0 0 0 0 80.500000 -33.799999 80.500000 -33.799999 80.500000 -33.799999 0.0 0 
1.745329
 1 228 228 p_debris_5 1 541733 0 0 3 0 0 0 0 0 102.709999 23.110001 102.709999 23.110001 102.709999 23.110001 0.0 0 
1.745329
 1 229 229 p_debris_6 1 541733 0 0 3 0 0 0 0 0 50.770000 58.740002 50.770000 58.740002 50.770000 58.740002 0.0 0 
1.745329
 1 230 230 p_debris_7 1 541734 0 0 3 0 0 0 0 0 -55.750000 121.970001 -55.750000 121.970001 -55.750000 121.970001 0.0 0 
1.745329
 1 231 231 p_debris_8 1 541732 0 0 3 0 0 0 0 0 -39.209999 132.600006 -39.209999 132.600006 -39.209999 132.600006 0.0 0 
1.745329
 1 232 232 p_debris_9 1 541733 0 0 3 0 0 0 0 0 -132.020004 76.389999 -132.020004 76.389999 -132.020004 76.389999 0.0 0 
1.745329
 1 233 233 p_debris_10 1 541734 0 0 3 0 0 0 0 0 -82.190002 14.560000 -82.190002 14.560000 -82.190002 14.560000 0.0 0 
1.745329
 1 234 234 p_looter_spawn_point looter_sp 1280 0 0 2 0 0 0 0 0 43.209999 -130.130005 43.209999 -130.130005 43.209999 -130.130005 0.0 1 190 15 0 0 
0.000000
 1 235 235 p_steppe_bandit_spawn_point steppe_bandit_sp 1280 0 0 2 0 0 0 0 0 -66.830002 88.489998 -66.830002 88.489998 -66.830002 88.489998 0.0 1 190 15 0 0 
0.000000
 1 236 236 p_steppe_bandit_spawn_point_2 steppe_bandit_sp 1280 0 0 2 0 0 0 0 0 -42.369999 47.180000 -42.369999 47.180000 -42.369999 47.180000 0.0 1 190 15 0 0 
0.000000
 1 237 237 p_steppe_bandit_spawn_point_3 steppe_bandit_sp 1280 0 0 2 0 0 0 0 0 -35.119999 79.879997 -35.119999 79.879997 -35.119999 79.879997 0.0 1 190 15 0 0 
0.000000
 1 238 238 p_forest_bandit_spawn_point forest_bandit_sp 1280 0 0 2 0 0 0 0 0 43.759998 104.070000 43.759998 104.070000 43.759998 104.070000 0.0 1 190 15 0 0 
0.000000
 1 239 239 p_forest_bandit_spawn_point_2 forest_bandit_sp 1280 0 0 2 0 0 0 0 0 25.700001 86.209999 25.700001 86.209999 25.700001 86.209999 0.0 1 190 15 0 0 
0.000000
 1 240 240 p_forest_bandit_spawn_point_3 forest_bandit_sp 1280 0 0 2 0 0 0 0 0 63.680000 60.000000 63.680000 60.000000 63.680000 60.000000 0.0 1 190 15 0 0 
0.000000
 1 241 241 p_mountain_bandit_spawn_point mountain_bandit_sp 1280 0 0 2 0 0 0 0 0 -20.559999 -81.349998 -20.559999 -81.349998 -20.559999 -81.349998 0.0 1 190 15 0 0 
0.000000
 1 242 242 p_mountain_bandit_spawn_point_2 mountain_bandit_sp 1280 0 0 2 0 0 0 0 0 -66.400002 -60.250000 -66.400002 -60.250000 -66.400002 -60.250000 0.0 1 190 15 0 0 
0.000000
 1 243 243 p_mountain_bandit_spawn_point_3 mountain_bandit_sp 1280 0 0 2 0 0 0 0 0 -62.389999 -86.970001 -62.389999 -86.970001 -62.389999 -86.970001 0.0 1 190 15 0 0 
0.000000
 1 244 244 p_sea_raider_spawn_point_1 sea_raider_sp 1280 0 0 2 0 0 0 0 0 133.240005 -58.599998 133.240005 -58.599998 133.240005 -58.599998 0.0 1 190 15 0 0 
0.000000
 1 245 245 p_sea_raider_spawn_point_2 sea_raider_sp 1280 0 0 2 0 0 0 0 0 48.720001 -95.879997 48.720001 -95.879997 48.720001 -95.879997 0.0 1 190 15 0 0 
0.000000
 1 246 246 p_sea_raider_spawn_point_3 sea_raider_sp 1280 0 0 2 0 0 0 0 0 79.099998 -75.610001 79.099998 -75.610001 79.099998 -75.610001 0.0 1 190 15 0 0 
0.000000
 1 247 247 p_spawn_points_end last_spawn_point 1280 0 0 1 0 0 0 0 0 23.000000 -112.260002 23.000000 -112.260002 23.000000 -112.260002 0.0 1 190 15 0 0 
0.000000
 1 248 248 p_spaceship_tie_fighter Spaceship_Array 2114874 0 0 3 0 0 0 0 0 -139.000000 -40.000000 -139.000000 -40.000000 -139.000000 -40.000000 0.0 0 
0.000000
 1 249 249 p_spaceship_imperial_shuttle Spaceship_Array 2114874 0 0 3 0 0 0 0 0 -139.000000 -40.000000 -139.000000 -40.000000 -139.000000 -40.000000 0.0 0 
0.000000
 1 250 250 p_spaceship_imperial_trade_frigate Spaceship_Array 2114874 0 0 3 0 0 0 0 0 -139.000000 -40.000000 -139.000000 -40.000000 -139.000000 -40.000000 0.0 0 
0.000000
 1 251 251 p_spaceship_imperial_dreadnaught_frigate Spaceship_Array 2114874 0 0 3 0 0 0 0 0 -139.000000 -40.000000 -139.000000 -40.000000 -139.000000 -40.000000 0.0 0 
0.000000
 1 252 252 p_spaceship_imperial_victory_c2_frigate Spaceship_Array 2114874 0 0 3 0 0 0 0 0 -139.000000 -40.000000 -139.000000 -40.000000 -139.000000 -40.000000 0.0 0 
0.000000
 1 253 253 p_spaceship_imperial_star_destroyer Spaceship_Array 2114874 0 0 3 0 0 0 0 0 -139.000000 -40.000000 -139.000000 -40.000000 -139.000000 -40.000000 0.0 0 
0.000000
 1 254 254 p_spaceship_imperial_star_destroyer_interdictor Spaceship_Array 2114874 0 0 3 0 0 0 0 0 -139.000000 -40.000000 -139.000000 -40.000000 -139.000000 -40.000000 0.0 0 
0.000000
 1 255 255 p_spaceship_a_wing Spaceship_Array 2114874 0 0 3 0 0 0 0 0 -139.000000 -40.000000 -139.000000 -40.000000 -139.000000 -40.000000 0.0 0 
0.000000
 1 256 256 p_spaceship_y_wing Spaceship_Array 2114874 0 0 3 0 0 0 0 0 -139.000000 -40.000000 -139.000000 -40.000000 -139.000000 -40.000000 0.0 0 
0.000000
 1 257 257 p_spaceship_moncal_cruiser Spaceship_Array 2114874 0 0 3 0 0 0 0 0 -139.000000 -40.000000 -139.000000 -40.000000 -139.000000 -40.000000 0.0 0 
0.000000
 1 258 258 p_spaceship_rebel_transport Spaceship_Array 2114874 0 0 3 0 0 0 0 0 -139.000000 -40.000000 -139.000000 -40.000000 -139.000000 -40.000000 0.0 0 
0.000000
 1 259 259 p_spaceship_corellian_gunship Spaceship_Array 2114874 0 0 3 0 0 0 0 0 -139.000000 -40.000000 -139.000000 -40.000000 -139.000000 -40.000000 0.0 0 
0.000000
 1 260 260 p_spaceship_hutt_patrol Spaceship_Array 2114874 0 0 3 0 0 0 0 0 -139.000000 -40.000000 -139.000000 -40.000000 -139.000000 -40.000000 0.0 0 
0.000000
 1 261 261 p_spaceship_hutt_trade Spaceship_Array 2114874 0 0 3 0 0 0 0 0 -139.000000 -40.000000 -139.000000 -40.000000 -139.000000 -40.000000 0.0 0 
0.000000
 1 262 262 p_spaceship_hutt_frigate_mk1 Spaceship_Array 2114874 0 0 3 0 0 0 0 0 -139.000000 -40.000000 -139.000000 -40.000000 -139.000000 -40.000000 0.0 0 
0.000000
 1 263 263 p_spaceship_hutt_frigate_mk2 Spaceship_Array 2114874 0 0 3 0 0 0 0 0 -139.000000 -40.000000 -139.000000 -40.000000 -139.000000 -40.000000 0.0 0 
0.000000
 1 264 264 p_spaceship_hutt_cruiser Spaceship_Array 2114874 0 0 3 0 0 0 0 0 -139.000000 -40.000000 -139.000000 -40.000000 -139.000000 -40.000000 0.0 0 
0.000000
 1 265 265 p_spaceship_z95 Spaceship_Array 2114874 0 0 3 0 0 0 0 0 -139.000000 -40.000000 -139.000000 -40.000000 -139.000000 -40.000000 0.0 0 
0.000000
 1 266 266 p_spaceship_scyk_fighter Spaceship_Array 2114874 0 0 3 0 0 0 0 0 -139.000000 -40.000000 -139.000000 -40.000000 -139.000000 -40.000000 0.0 0 
0.000000
 1 267 267 p_spaceship_civilian_transport Spaceship_Array 2114874 0 0 3 0 0 0 0 0 -139.000000 -40.000000 -139.000000 -40.000000 -139.000000 -40.000000 0.0 0 
0.000000
 1 268 268 p_spaceship_civilian_cruiser Spaceship_Array 2114874 0 0 3 0 0 0 0 0 -139.000000 -40.000000 -139.000000 -40.000000 -139.000000 -40.000000 0.0 0 
0.000000
 1 269 269 p_spaceship_mercenary_shuttle Spaceship_Array 2114874 0 0 3 0 0 0 0 0 -139.000000 -40.000000 -139.000000 -40.000000 -139.000000 -40.000000 0.0 0 
0.000000
 1 270 270 p_spaceship_mercenary_fighter Spaceship_Array 2114874 0 0 3 0 0 0 0 0 -139.000000 -40.000000 -139.000000 -40.000000 -139.000000 -40.000000 0.0 0 
0.000000
 1 271 271 p_spaceship_mercenary_raider Spaceship_Array 2114874 0 0 3 0 0 0 0 0 -139.000000 -40.000000 -139.000000 -40.000000 -139.000000 -40.000000 0.0 0 
0.000000
 1 272 272 p_spaceship_freighter Spaceship_Array 2114874 0 0 3 0 0 0 0 0 -139.000000 -40.000000 -139.000000 -40.000000 -139.000000 -40.000000 0.0 0 
0.000000
 1 273 273 p_spaceship_bulk_freighter Spaceship_Array 2114874 0 0 3 0 0 0 0 0 -139.000000 -40.000000 -139.000000 -40.000000 -139.000000 -40.000000 0.0 0 
0.000000
 1 274 274 p_spaceship_cis_star_cruiser Spaceship_Array 2114874 0 0 3 0 0 0 0 0 -139.000000 -40.000000 -139.000000 -40.000000 -139.000000 -40.000000 0.0 0 
0.000000
 1 275 275 p_spaceship_end Spaceship_Array 2114874 0 0 3 0 0 0 0 0 -139.000000 -40.000000 -139.000000 -40.000000 -139.000000 -40.000000 0.0 0 
0.000000
 1 276 276 p_galaxy_center galaxy_center 1260 0 0 3 0 0 0 0 0 0.000000 0.000000 0.000000 0.000000 0.000000 0.000000 0.0 0 
1.745329
