simple_triggers_file version 1
100
-6  0 
-5  0 
1  8 32 2 144115188075856095 0 32 2 144115188075856084 0 30 2 144115188075856092 1 2270 1 1224979098644774912 31 2 144115188075856091 0 30 2 1224979098644774912 144115188075856096 2147485921 0 1030 3 0 0 0 
0  4 31 2 144115188075856151 1 32 2 144115188075855935 0 132 1 144115188075855935 1623 3 0 144115188075855935 0 
0  40 4 0 32 2 144115188075856120 0 1680 2 1224979098644774912 144115188075856120 32 2 1224979098644774912 0 2204 2 1224979098644774913 144115188075856120 2190 3 1224979098644774914 1224979098644774913 15 2204 2 1224979098644774915 1224979098644774912 2190 3 1224979098644774916 1224979098644774915 15 30 2 1224979098644774914 0 2147483678 2 1224979098644774916 0 1300 1 144115188075856120 1030 3 0 0 0 5 0 2270 1 1224979098644774917 2133 2 1224979098644774918 0 4 0 2147483679 2 144115188075856500 0 30 2 1224979098644774917 144115188075856500 2133 2 1224979098644774918 1 2133 2 144115188075856500 0 3 0 1073741855 2 1224979098644774918 1 37 0 4 0 30 2 144115188075855934 1 2060 1 144115188075855934 2133 2 144115188075855934 -1 5 0 30 2 144115188075855971 1 1300 1 144115188075855971 5 0 30 2 144115188075856095 1 1300 1 144115188075856095 5 0 30 2 144115188075856037 1 2133 2 144115188075856037 0 2133 2 144115188075856034 0 1106 1 1585267068834415478 3 0 3 0 
0  19 560 3 919 0 1 520 3 1224979098644774912 919 0 520 3 144115188075856508 920 0 520 3 144115188075856509 921 0 2060 1 1224979098644774912 2133 2 1224979098644774913 2 6 3 1224979098644774914 1 1224979098644774913 4 0 560 3 919 1224979098644774914 1 2105 2 1224979098644774913 1 3 0 2121 3 1224979098644774915 1224979098644774914 1 520 3 1224979098644774916 919 1224979098644774914 500 3 919 1224979098644774915 1224979098644774916 520 3 1224979098644774916 920 1224979098644774914 500 3 920 1224979098644774915 1224979098644774916 520 3 1224979098644774916 921 1224979098644774914 500 3 921 1224979098644774915 1224979098644774916 3 0 
1  3 37 0 1 2 359 65536 1 1 449 
35  4 1 4 450 53 54 55 1 4 450 58 57 60 1 3 451 46 73 1 3 451 114 204 
1  23 30 2 144115188075856108 1 4 0 2147483679 2 144115188075856151 0 1030 3 0 0 0 2133 2 144115188075856108 0 5 0 37 0 2133 2 144115188075856108 0 5 0 1073742365 3 144115188075856108 35 2 541 3 144115188075856108 35 4 1300 1 144115188075856108 1030 1 0 2133 2 144115188075856108 0 2133 2 144115188075856111 1 5 0 541 3 144115188075856108 35 1 1030 3 3 5 1 5 0 1030 3 0 0 0 2133 2 144115188075856108 0 2133 2 144115188075856111 0 3 0 
168  8 1 1 118 2133 2 1224979098644774912 72057594037927936 2120 3 1224979098644774913 1224979098644774912 144115188075856052 4 0 32 2 1224979098644774913 0 2060 1 37 3 0 2133 2 144115188075856510 0 
6  11 2270 1 1224979098644774912 4 0 30 2 1224979098644774912 144115188075855961 1 3 42 0 0 2133 2 1224979098644774913 72057594037927936 2108 2 1224979098644774913 2 2105 2 1224979098644774913 30 1 2 219 1224979098644774913 2105 2 144115188075855940 72057594037927936 2120 3 144115188075855961 1224979098644774912 168 3 0 
24  7 2147483680 2 144115188075855934 0 32 2 144115188075856153 0 2147483679 2 144115188075856153 15 31 2 144115188075855938 0 2272 1 1224979098644774912 32 2 1224979098644774912 144115188075855962 2060 1 87 
180  2 2106 2 144115188075856444 1 2111 2 144115188075856444 0 
24  4 31 2 144115188075855957 1 540 3 0 13 0 2147483680 2 144115188075855934 0 900 1 7 
24  17 1 1 162 2133 2 1224979098644774912 72057594037927936 1671 2 1224979098644774913 0 2121 3 1224979098644774914 1224979098644774912 1224979098644774913 2123 3 1224979098644774915 1224979098644774914 5 2122 3 1224979098644774916 1224979098644774915 5 4 0 2147483679 2 1224979098644774916 1224979098644774914 4 0 32 2 1224979098644774914 0 2105 2 1224979098644774915 1 5 0 2106 2 1224979098644774915 1 3 0 3 0 2105 2 1224979098644774913 1224979098644774915 1672 2 0 1224979098644774913 
168  12 6 3 1224979098644774912 46 204 1651 2 1224979098644774913 1224979098644774912 7 3 1224979098644774914 0 1224979098644774913 1656 3 1224979098644774915 1224979098644774912 1224979098644774914 2147485155 1 1224979098644774915 1657 3 1224979098644774916 1224979098644774912 1224979098644774914 2136 3 1224979098644774917 0 40 2107 2 1224979098644774916 1224979098644774917 2108 2 1224979098644774916 100 1616 3 1224979098644774912 1224979098644774915 1224979098644774916 3 0 3 0 
168  3 6 3 1224979098644774912 46 114 1 2 403 1224979098644774912 3 0 
168  25 6 3 1224979098644774912 405 530 520 3 1224979098644774913 1224979098644774912 21 2107 2 1224979098644774913 101 2108 2 1224979098644774913 100 500 3 1224979098644774912 21 1224979098644774913 1 2 119 1224979098644774912 3 0 6 3 1224979098644774914 46 114 2147484189 3 1224979098644774914 7 0 561 3 1224979098644774914 7 1 521 3 1224979098644774915 1224979098644774914 49 521 3 1224979098644774916 1224979098644774914 50 2122 3 1224979098644774917 1224979098644774916 15 2105 2 1224979098644774917 700 4 0 541 3 1224979098644774914 0 3 2107 2 1224979098644774917 3 2108 2 1224979098644774917 2 3 0 2105 2 1224979098644774915 1224979098644774917 1 2 117 1224979098644774914 2106 2 1224979098644774915 72057594037927936 2111 2 1224979098644774915 0 501 3 1224979098644774914 49 1224979098644774915 3 0 
24  20 6 3 1224979098644774912 405 530 520 3 1224979098644774913 1224979098644774912 10 30 2 1224979098644774913 1 1694 2 1224979098644774914 1224979098644774913 33 3 1224979098644774914 46 204 541 3 1224979098644774914 54 -1 1 2 121 1224979098644774912 3 0 6 3 1224979098644774915 46 114 2147484189 3 1224979098644774915 7 0 561 3 1224979098644774915 7 1 521 3 1224979098644774916 1224979098644774915 49 541 3 1224979098644774915 54 -1 2133 2 1224979098644774917 1224979098644774916 2108 2 1224979098644774917 5 32 2 1224979098644774917 400 1 2 120 1224979098644774915 2106 2 1224979098644774916 400 501 3 1224979098644774915 49 1224979098644774916 3 0 
360  12 6 3 1224979098644774912 46 204 1 2 309 1224979098644774912 2133 2 1224979098644774913 72057594037927936 521 3 1224979098644774914 1224979098644774912 50 4 0 32 2 1224979098644774914 1224979098644774913 1 3 308 1224979098644774912 -1 5 0 2147483678 2 1224979098644774914 1224979098644774913 1 3 308 1224979098644774912 1 3 0 3 0 
6  20 2272 1 1224979098644774912 4 0 2147483679 2 1224979098644774912 144115188075856511 2133 2 144115188075856511 1224979098644774912 4 0 31 2 144115188075856512 1 2105 2 144115188075856510 1 3 0 2133 2 144115188075856512 1 3 0 2133 2 1224979098644774913 0 4 0 2147483685 0 30 2 144115188075856120 0 1073742365 3 144115188075856120 130 1 33 3 144115188075856120 46 114 2133 2 1224979098644774913 1 3 0 31 2 1224979098644774913 0 2133 2 144115188075856512 0 
48  18 6 3 1224979098644774912 405 530 2136 3 1224979098644774913 0 100 2147483678 2 1224979098644774913 30 520 3 1224979098644774914 1224979098644774912 10 32 2 1224979098644774914 204 132 1 1224979098644774914 2170 3 1224979098644774915 17 1224979098644774912 2105 2 1224979098644774915 2 2122 3 1224979098644774916 1224979098644774915 500 1673 2 1224979098644774914 1224979098644774916 3 0 6 3 1224979098644774917 46 114 2136 3 1224979098644774913 0 100 2147483678 2 1224979098644774913 10 521 3 1224979098644774918 1224979098644774917 7 2147483679 2 1224979098644774918 0 1673 2 1224979098644774917 3000 3 0 
24  1 1 1 136 
2  1 1 1 135 
7  2 1 1 166 1 1 140 
24  79 2105 2 144115188075856445 1 30 2 144115188075856445 90 33 3 144115188075856153 15 19 2147483679 2 144115188075856153 15 2133 2 144115188075856350 -1 2133 2 144115188075856351 0 2133 2 144115188075856352 0 2133 2 144115188075856149 -10000 2133 2 144115188075856147 -10000 2133 2 144115188075856513 -10000 2133 2 144115188075856150 -10000 2133 2 144115188075856148 -10000 2133 2 144115188075856514 -10000 2133 2 1224979098644774912 0 6 3 1224979098644774913 404 530 2133 2 1224979098644774914 1224979098644774913 2133 2 1224979098644774915 0 4 0 31 2 1224979098644774913 404 2133 2 1224979098644774914 0 4 0 31 2 144115188075856151 0 2133 2 1224979098644774915 1 3 0 5 0 2173 2 1224979098644774916 1224979098644774914 31 2 144115188075856153 1224979098644774916 2147484208 3 1224979098644774914 8 0 560 3 1224979098644774914 10 1 540 3 1224979098644774914 2 2 2147484190 3 1224979098644774916 10 1224979098644774914 520 3 1224979098644774917 1224979098644774914 10 32 2 1224979098644774917 0 132 1 1224979098644774917 1 2 71 1224979098644774917 2133 2 1224979098644774918 72057594037927936 1 2 22 1224979098644774917 2133 2 1224979098644774919 72057594037927936 2122 3 1224979098644774920 1224979098644774918 100 2108 2 1224979098644774920 1224979098644774919 30 2 1224979098644774920 25 2133 2 1224979098644774915 1 3 0 31 2 1224979098644774915 1 2105 2 1224979098644774912 1 520 3 1224979098644774921 1224979098644774914 7 4 0 32 2 1224979098644774921 144115188075856149 2133 2 144115188075856513 144115188075856147 2133 2 144115188075856147 144115188075856149 2133 2 144115188075856149 1224979098644774921 2133 2 144115188075856514 144115188075856148 2133 2 144115188075856148 144115188075856150 2133 2 144115188075856150 1224979098644774914 5 0 32 2 1224979098644774921 144115188075856147 2133 2 144115188075856513 144115188075856147 2133 2 144115188075856147 1224979098644774921 2133 2 144115188075856514 144115188075856148 2133 2 144115188075856148 1224979098644774914 5 0 32 2 1224979098644774921 144115188075856513 2133 2 144115188075856513 1224979098644774921 2133 2 144115188075856514 1224979098644774914 3 0 3 0 30 2 144115188075856150 0 30 2 144115188075856148 0 30 2 144115188075856514 0 32 2 1224979098644774912 2 2133 2 144115188075856445 0 2133 2 144115188075856353 0 4 0 2147483679 2 144115188075856150 0 2147483679 2 144115188075856148 0 900 1 15 5 0 2060 1 158 3 0 
10  45 6 3 1224979098644774912 405 530 2133 2 1224979098644774913 1 520 3 1224979098644774914 1224979098644774912 10 4 0 32 2 1224979098644774914 0 521 3 1224979098644774915 1224979098644774914 30 30 2 1224979098644774915 0 2204 2 1224979098644774916 1224979098644774914 522 3 1224979098644774917 1224979098644774916 7 30 2 1224979098644774917 0 520 3 1224979098644774918 1224979098644774917 10 31 2 1224979098644774915 1224979098644774918 2133 2 1224979098644774913 -1 3 0 520 3 1224979098644774919 1224979098644774912 57 2105 2 1224979098644774919 1224979098644774913 2112 3 1224979098644774919 0 100 500 3 1224979098644774912 57 1224979098644774919 2133 2 1224979098644774913 1 4 0 32 2 1224979098644774914 0 2173 2 1224979098644774920 1224979098644774912 31 2 1224979098644774920 15 2147484188 3 1224979098644774912 16 -1 521 3 1224979098644774921 1224979098644774914 4 521 3 1224979098644774922 1224979098644774914 5 4 0 540 3 1224979098644774912 16 1224979098644774921 540 3 1224979098644774912 17 1224979098644774922 2133 2 1224979098644774913 -1 5 0 500 3 1224979098644774912 16 -1 500 3 1224979098644774912 17 -1 3 0 3 0 520 3 1224979098644774919 1224979098644774912 58 2105 2 1224979098644774919 1224979098644774913 2112 3 1224979098644774919 0 100 500 3 1224979098644774912 58 1224979098644774919 4 0 2147483678 2 1224979098644774919 10 500 3 1224979098644774912 16 -1 500 3 1224979098644774912 17 -1 3 0 3 0 
2  1 1 1 144 
3  1 1 1 138 
3  136 2270 1 1224979098644774912 6 3 1224979098644774913 46 114 521 3 1224979098644774914 1224979098644774913 54 32 2 1224979098644774914 0 132 1 1224979098644774914 2204 2 1224979098644774915 1224979098644774914 561 3 1224979098644774913 54 1 521 3 1224979098644774916 1224979098644774913 64 2121 3 1224979098644774916 1224979098644774912 1224979098644774916 2133 2 1224979098644774917 0 2133 2 1224979098644774918 0 2133 2 1224979098644774919 0 2133 2 1224979098644774920 0 6 3 1224979098644774921 405 530 540 3 1224979098644774921 2 2 2147484208 3 1224979098644774921 8 0 520 3 1224979098644774922 1224979098644774921 10 32 2 1224979098644774922 0 2173 2 1224979098644774923 1224979098644774921 31 2 1224979098644774923 1224979098644774915 2133 2 1224979098644774924 0 4 0 541 3 1224979098644774922 4 1 541 3 1224979098644774922 5 1224979098644774913 2133 2 1224979098644774924 1 5 0 521 3 1224979098644774925 1224979098644774922 30 32 2 1224979098644774925 0 132 1 1224979098644774925 541 3 1224979098644774925 4 1 541 3 1224979098644774925 5 1224979098644774913 2133 2 1224979098644774924 1 3 0 31 2 1224979098644774924 1 1680 2 1224979098644774926 1224979098644774922 3221225502 2 1224979098644774926 0 31 2 1224979098644774926 1224979098644774913 4 0 542 3 1224979098644774915 7 1224979098644774921 2133 2 1224979098644774920 1 3 0 1 2 41 1224979098644774922 2105 2 1224979098644774919 72057594037927936 3 0 4 0 32 2 1224979098644774919 0 1662 2 1224979098644774913 15 1 2 41 15 2133 2 1224979098644774927 72057594037927936 4 0 31 2 144115188075855971 1224979098644774913 31 2 144115188075856151 0 1 2 41 0 2105 2 1224979098644774927 72057594037927936 2107 2 1224979098644774919 2 3 0 521 3 1224979098644774928 1224979098644774913 65 2105 2 1224979098644774928 100 2107 2 1224979098644774927 1224979098644774928 2108 2 1224979098644774927 100 2111 2 1224979098644774927 1 4 0 31 2 1224979098644774920 1 31 2 1224979098644774915 144115188075856153 200 1 24 2107 2 1224979098644774919 2 3 0 2122 3 1224979098644774929 1224979098644774919 100 2108 2 1224979098644774929 1224979098644774927 2121 3 1224979098644774930 1224979098644774929 300 4 0 32 2 1224979098644774930 -100 2123 3 1224979098644774931 1224979098644774916 3 2105 2 1224979098644774930 1224979098644774931 3 0 2108 2 1224979098644774930 5 2111 2 1224979098644774930 0 2121 3 1224979098644774932 200 1224979098644774929 2111 2 1224979098644774932 0 4 0 2136 3 1224979098644774933 0 100 2147483678 2 1224979098644774933 1224979098644774930 32 2 1224979098644774916 24 2133 2 1224979098644774917 1 5 0 2136 3 1224979098644774933 0 100 2147483678 2 1224979098644774933 1224979098644774932 2133 2 1224979098644774918 1 3 0 5 0 2133 2 1224979098644774918 1 3 0 4 0 31 2 1224979098644774917 1 6 3 1224979098644774921 405 530 540 3 1224979098644774921 2 2 2147484208 3 1224979098644774921 8 0 520 3 1224979098644774922 1224979098644774921 10 32 2 1224979098644774922 0 2133 2 1224979098644774924 0 4 0 541 3 1224979098644774922 4 1 541 3 1224979098644774922 5 1224979098644774913 541 3 1224979098644774922 8 0 2133 2 1224979098644774924 1 5 0 521 3 1224979098644774925 1224979098644774922 30 32 2 1224979098644774925 0 132 1 1224979098644774925 541 3 1224979098644774925 4 1 541 3 1224979098644774925 5 1224979098644774913 1 4 139 1224979098644774922 1 1224979098644774913 2133 2 1224979098644774924 1 3 0 31 2 1224979098644774924 1 1640 2 1224979098644774922 4 1641 2 1224979098644774922 1224979098644774913 1603 3 1224979098644774922 65536 1 501 3 1224979098644774922 8 1 3 0 5 0 31 2 1224979098644774918 1 6 3 1224979098644774921 405 530 540 3 1224979098644774921 2 2 2147484208 3 1224979098644774921 8 0 520 3 1224979098644774922 1224979098644774921 10 32 2 1224979098644774922 0 541 3 1224979098644774922 4 1 541 3 1224979098644774922 5 1224979098644774913 541 3 1224979098644774922 8 1 1 4 139 1224979098644774922 -1 -1 1 4 139 1224979098644774922 1 1224979098644774913 501 3 1224979098644774913 64 1224979098644774912 3 0 3 0 3 0 
36  1 2133 2 144115188075855942 1 
0  3 31 2 144115188075855942 1 2133 2 144115188075855942 0 1 1 167 
24  3 6 3 1224979098644774912 15 19 1 2 78 1224979098644774912 3 0 
36  6 6 3 1224979098644774912 405 530 500 3 1224979098644774912 20 0 3 0 6 3 1224979098644774912 790 880 500 3 1224979098644774912 20 0 3 0 
24  3 6 3 1224979098644774912 114 204 1 2 132 1224979098644774912 3 0 
48  4 6 3 1224979098644774912 114 204 1 2 133 1224979098644774912 501 3 1224979098644774912 46 0 3 0 
24  32 6 3 1224979098644774912 114 204 521 3 1224979098644774913 1224979098644774912 45 2136 3 1224979098644774914 0 100 4 0 2147483678 2 1224979098644774914 3 2133 2 1224979098644774913 0 4 0 3 0 5 0 2147483678 2 1224979098644774914 10 2136 3 1224979098644774914 111 121 2107 2 1224979098644774913 1224979098644774914 2108 2 1224979098644774913 100 2136 3 1224979098644774914 1 3 2105 2 1224979098644774913 1224979098644774914 5 0 2147483678 2 1224979098644774914 30 2136 3 1224979098644774914 2 4 2106 2 1224979098644774913 1224979098644774914 5 0 2136 3 1224979098644774914 101 111 2107 2 1224979098644774913 1224979098644774914 2108 2 1224979098644774913 100 2136 3 1224979098644774914 1 3 2105 2 1224979098644774913 1224979098644774914 3 0 2112 3 1224979098644774913 0 101 501 3 1224979098644774912 45 1224979098644774913 2121 3 1224979098644774915 1224979098644774913 10 2108 2 1224979098644774915 2 1 5 35 1224979098644774912 76 1224979098644774915 0 3 0 
168  42 6 3 1224979098644774912 46 204 521 3 1224979098644774913 1224979098644774912 47 2133 2 1224979098644774914 0 4 0 541 3 1224979098644774912 0 4 4 0 541 3 1224979098644774912 35 0 2133 2 1224979098644774914 500 3 0 5 0 541 3 1224979098644774912 0 2 2133 2 1224979098644774914 250 5 0 541 3 1224979098644774912 0 3 2133 2 1224979098644774914 1000 3 0 521 3 1224979098644774915 1224979098644774912 50 2120 3 1224979098644774916 10 1224979098644774915 2107 2 1224979098644774914 1224979098644774916 2108 2 1224979098644774914 110 2105 2 1224979098644774913 1224979098644774914 501 3 1224979098644774912 47 1224979098644774913 3 0 6 3 1224979098644774912 46 204 521 3 1224979098644774917 1224979098644774912 7 2147483679 2 1224979098644774917 0 33 3 1224979098644774917 405 530 521 3 1224979098644774913 1224979098644774912 47 521 3 1224979098644774918 1224979098644774912 48 520 3 1224979098644774919 1224979098644774917 11 2105 2 1224979098644774919 1224979098644774913 2105 2 1224979098644774919 1224979098644774918 500 3 1224979098644774917 11 1224979098644774919 501 3 1224979098644774912 47 0 501 3 1224979098644774912 48 0 4 0 31 2 144115188075856024 1 2133 2 72057594037927937 1224979098644774919 1117 4 1224979098644774917 1 1585267068834415479 0 3 0 3 0 2133 2 144115188075856515 1 
32  42 31 2 144115188075856153 0 2147483680 2 144115188075855954 0 31 2 144115188075856151 0 2136 3 1224979098644774912 15 19 2133 2 1224979098644774913 999999 6 3 1224979098644774914 46 114 2204 2 1224979098644774915 1224979098644774914 31 2 1224979098644774915 1224979098644774912 2281 3 1224979098644774916 0 1224979098644774914 2110 2 1224979098644774913 1224979098644774916 3 0 2147483678 2 1224979098644774913 30 2190 3 1224979098644774917 1224979098644774912 15 522 3 1224979098644774918 1224979098644774912 10 1 2 150 1224979098644774918 2133 2 1224979098644774919 72057594037927936 1 2 113 0 2133 2 1224979098644774920 72057594037927936 4 0 31 2 1224979098644774920 0 520 3 1224979098644774921 0 7 30 2 1224979098644774921 160 30 2 1224979098644774917 0 30 2 1224979098644774919 0 2136 3 1224979098644774922 0 100 2147483678 2 1224979098644774922 50 1 2 310 1224979098644774912 2133 2 144115188075855929 72057594037927936 30 2 144115188075855929 0 2133 2 144115188075855954 1224979098644774912 2060 1 180 5 0 32 2 1224979098644774920 0 2147483679 2 144115188075856098 1224979098644774912 30 2 1224979098644774917 -80 30 2 1224979098644774919 -30 2136 3 1224979098644774922 0 100 2147483678 2 1224979098644774922 20 2133 2 144115188075855954 1224979098644774912 2133 2 144115188075855929 -1 2060 1 179 3 0 
168  1 1 2 173 1 
5  16 32 2 144115188075855908 0 6 3 1224979098644774912 405 530 2173 2 1224979098644774913 1224979098644774912 31 2 1224979098644774913 15 2147484208 3 1224979098644774912 55 1 1 2 150 1224979098644774912 2133 2 1224979098644774914 72057594037927936 2147483678 2 1224979098644774914 -5 2147483679 2 144115188075855908 1224979098644774912 2107 2 1224979098644774914 -1 2106 2 1224979098644774914 5 2136 3 1224979098644774915 0 2000 2147483678 2 1224979098644774915 1224979098644774914 1 2 157 -1 500 3 1224979098644774912 55 72057594037927936 3 0 
0.1  29 6 3 1224979098644774912 405 530 540 3 1224979098644774912 2 2 520 3 1224979098644774913 1224979098644774912 10 30 2 1224979098644774913 1 1694 2 1224979098644774914 1224979098644774913 2147483678 2 1224979098644774914 1 1665 2 1224979098644774915 1224979098644774913 33 3 1224979098644774915 46 204 1 3 116 1224979098644774915 1224979098644774913 4 0 30 2 72057594037927936 0 1660 2 1224979098644774913 1224979098644774915 5 0 1640 2 1224979098644774913 0 3 0 4 0 1073742365 3 1224979098644774915 0 3 541 3 1224979098644774915 0 2 2204 2 1224979098644774916 1224979098644774913 2204 2 1224979098644774917 1224979098644774915 31 2 1224979098644774916 1224979098644774917 1651 2 1224979098644774918 1224979098644774913 32 2 1224979098644774918 0 2133 2 144115188075855907 1 1 3 54 1224979098644774915 1224979098644774913 2133 2 144115188075855907 1 1 2 50 1224979098644774913 3 0 3 0 
48  9 1 3 329 0 50 6 3 1224979098644774912 46 114 2133 2 1224979098644774913 30 4 0 541 3 1224979098644774912 139 1 2133 2 1224979098644774913 5 3 0 1 3 329 1224979098644774912 1224979098644774913 3 0 
3  13 2133 2 144115188075855914 -1 6 3 1224979098644774912 46 204 31 2 144115188075855914 -1 2204 2 1224979098644774913 1224979098644774912 31 2 1224979098644774913 15 1073742365 3 1224979098644774912 7 -2 1073742365 3 1224979098644774912 7 -1 541 3 1224979098644774912 7 -3 2133 2 144115188075855914 1224979098644774912 3 0 30 2 144115188075855914 0 522 3 1224979098644774914 15 10 1025 1 1224979098644774914 
48  23 6 3 1224979098644774912 405 530 540 3 1224979098644774912 2 2 2147484208 3 1224979098644774912 8 0 2147484208 3 1224979098644774912 10 1 2173 2 1224979098644774913 1224979098644774912 4 0 1 3 82 1224979098644774913 1224979098644774912 2133 2 1224979098644774914 72057594037927936 1 3 126 1224979098644774912 1224979098644774914 1660 2 144115188075856462 1224979098644774914 5 0 2147484190 3 1224979098644774913 21 0 4 0 33 3 1224979098644774912 405 408 500 3 1224979098644774912 55 1 5 0 2136 3 1224979098644774915 0 100 2147483678 2 1224979098644774915 10 1 2 157 1224979098644774913 500 3 1224979098644774912 55 72057594037927936 3 0 3 0 3 0 
24  10 6 3 1224979098644774912 114 204 541 3 1224979098644774912 35 0 521 3 1224979098644774913 1224979098644774912 122 1073741855 2 1224979098644774913 0 2147483780 1 1224979098644774913 2136 3 1224979098644774914 0 100 2147483678 2 1224979098644774914 30 1 2 254 1224979098644774912 501 3 1224979098644774912 122 72057594037927936 3 0 
72  16 1 1 38 6 3 1224979098644774912 46 204 521 3 1224979098644774913 1224979098644774912 51 4 0 32 2 1224979098644774913 1000 2107 2 1224979098644774913 95 2108 2 1224979098644774913 100 2111 2 1224979098644774913 1000 5 0 2147483678 2 1224979098644774913 1000 2107 2 1224979098644774913 105 2108 2 1224979098644774913 100 2110 2 1224979098644774913 1000 3 0 501 3 1224979098644774912 51 1224979098644774913 3 0 
8  49 11 1 1224979098644774912 541 3 1224979098644774912 0 11 131 1 1224979098644774912 2204 2 1224979098644774913 1224979098644774912 522 3 1224979098644774914 1224979098644774913 82 4 0 2147483680 2 1224979098644774914 0 1232 1 1224979098644774912 5 0 2136 3 1224979098644774915 0 100 2147483678 2 1224979098644774915 35 1665 2 1224979098644774916 1224979098644774912 2133 2 1224979098644774917 1 4 0 33 3 1224979098644774916 46 114 2147484189 3 1224979098644774916 54 -1 2133 2 1224979098644774917 0 3 0 31 2 1224979098644774917 1 2133 2 1224979098644774918 0 4 0 521 3 1224979098644774919 1224979098644774912 4 31 2 1224979098644774919 13 521 3 1224979098644774920 1224979098644774912 5 31 2 1224979098644774916 1224979098644774920 2133 2 1224979098644774918 1 3 0 2133 2 1224979098644774921 -1 4 0 31 2 144115188075855984 1224979098644774912 2147483778 2 1224979098644774912 144115188075855983 2133 2 1224979098644774921 144115188075855983 5 0 1 3 85 1224979098644774916 1224979098644774913 2133 2 1224979098644774921 72057594037927936 3 0 33 3 1224979098644774921 46 73 2147483778 2 1224979098644774912 1224979098644774921 4 0 31 2 1224979098644774918 1 1 3 40 1224979098644774912 1224979098644774916 3 0 1640 2 1224979098644774912 1 1641 2 1224979098644774912 1224979098644774921 1603 3 1224979098644774912 65536 0 501 3 1224979098644774912 4 13 501 3 1224979098644774912 5 1224979098644774921 3 0 3 0 
8  66 11 1 1224979098644774912 541 3 1224979098644774912 0 15 131 1 1224979098644774912 521 3 1224979098644774913 1224979098644774912 123 1665 2 1224979098644774914 1224979098644774912 2133 2 1224979098644774915 1 4 0 33 3 1224979098644774914 46 114 2147484189 3 1224979098644774914 54 -1 2133 2 1224979098644774915 0 3 0 31 2 1224979098644774915 1 4 0 31 2 1224979098644774914 1224979098644774913 4 0 2136 3 1224979098644774916 0 100 2147483678 2 1224979098644774916 5 1 4 255 1224979098644774912 1224979098644774913 50 2133 2 1224979098644774917 72057594037927936 521 3 1224979098644774918 1224979098644774913 50 2105 2 1224979098644774918 30 2107 2 1224979098644774917 1224979098644774918 2108 2 1224979098644774917 2600 521 3 1224979098644774919 1224979098644774913 48 2105 2 1224979098644774919 1224979098644774917 501 3 1224979098644774913 48 1224979098644774919 521 3 1224979098644774920 1224979098644774913 121 501 3 1224979098644774912 5 1224979098644774920 501 3 1224979098644774912 4 13 1640 2 1224979098644774912 1 1641 2 1224979098644774912 1224979098644774920 3 0 5 0 4 0 521 3 1224979098644774921 1224979098644774912 5 31 2 1224979098644774914 1224979098644774921 1 4 255 1224979098644774912 1224979098644774921 10 2133 2 1224979098644774917 72057594037927936 521 3 1224979098644774918 1224979098644774921 50 2105 2 1224979098644774918 30 2107 2 1224979098644774917 1224979098644774918 2108 2 1224979098644774917 2600 521 3 1224979098644774919 1224979098644774921 48 2105 2 1224979098644774919 1224979098644774917 501 3 1224979098644774921 48 1224979098644774919 521 3 1224979098644774919 1224979098644774913 48 2105 2 1224979098644774919 1224979098644774917 501 3 1224979098644774913 48 1224979098644774919 521 3 1224979098644774922 1224979098644774921 53 1 2 131 1224979098644774921 2133 2 1224979098644774923 72057594037927936 2105 2 1224979098644774922 1000 2110 2 1224979098644774922 1224979098644774923 501 3 1224979098644774921 53 1224979098644774922 4 0 2136 3 1224979098644774924 0 100 2147483678 2 1224979098644774924 35 1 3 308 1224979098644774913 1 3 0 3 0 501 3 1224979098644774912 5 1224979098644774913 501 3 1224979098644774912 4 13 1640 2 1224979098644774912 1 1641 2 1224979098644774912 1224979098644774913 3 0 3 0 
2  9 6 3 1224979098644774912 73 114 541 3 1224979098644774912 54 -1 521 3 1224979098644774913 1224979098644774912 53 2105 2 1224979098644774913 100 1 2 131 1224979098644774912 2133 2 1224979098644774914 72057594037927936 2110 2 1224979098644774913 1224979098644774914 501 3 1224979098644774912 53 1224979098644774913 3 0 
0.5  42 6 3 1224979098644774912 405 530 540 3 1224979098644774912 2 2 520 3 1224979098644774913 1224979098644774912 10 32 2 1224979098644774913 0 4 0 132 1 1224979098644774913 4 0 2293 2 1224979098644774914 1224979098644774913 31 2 1224979098644774914 5 2204 2 1224979098644774915 1224979098644774913 521 3 1224979098644774916 1224979098644774913 30 522 3 1224979098644774917 1224979098644774915 7 2147483679 2 1224979098644774917 1224979098644774912 2133 2 1224979098644774918 1 4 0 30 2 1224979098644774917 0 520 3 1224979098644774919 1224979098644774917 10 30 2 1224979098644774919 0 31 2 1224979098644774916 1224979098644774919 2133 2 1224979098644774918 0 3 0 31 2 1224979098644774918 1 2133 2 1224979098644774920 0 6 3 1224979098644774921 46 114 31 2 1224979098644774920 0 541 3 1224979098644774921 54 -1 2204 2 1224979098644774922 1224979098644774921 2190 3 1224979098644774923 1224979098644774922 1224979098644774915 32 2 1224979098644774923 0 2281 3 1224979098644774924 1224979098644774913 1224979098644774921 2147483678 2 1224979098644774924 20 1625 2 1 1224979098644774913 1625 2 2 1224979098644774921 2147484361 2 2 1 1 4 139 1224979098644774913 14 1224979098644774921 2133 2 1224979098644774920 1 3 0 3 0 5 0 500 3 1224979098644774912 10 -1 3 0 3 0 
0.5  44 2270 1 1224979098644774912 2119 3 1224979098644774913 1224979098644774912 11 2121 3 1224979098644774914 1224979098644774912 5 1601 2 1224979098644774915 0 1602 2 1224979098644774916 0 2105 2 1224979098644774915 1224979098644774916 2130 1 1224979098644774915 2125 2 1224979098644774917 1224979098644774915 2131 1 1224979098644774917 4 0 31 2 1224979098644774913 0 6 3 1224979098644774918 15 19 522 3 1224979098644774919 1224979098644774918 30 2106 2 1224979098644774919 1 2111 2 1224979098644774919 0 502 3 1224979098644774918 30 1224979098644774919 3 0 3 0 31 2 144115188075856151 0 6 3 1224979098644774920 46 204 2204 2 1224979098644774918 1224979098644774920 2190 3 1224979098644774921 1224979098644774918 15 2147483678 2 1224979098644774921 0 2281 3 1224979098644774922 0 1224979098644774920 2147483678 2 1224979098644774922 5 2122 3 1224979098644774923 1224979098644774922 1224979098644774922 2121 3 1224979098644774924 20 1224979098644774923 2121 3 1224979098644774925 20 1224979098644774921 2122 3 1224979098644774926 1224979098644774924 1224979098644774925 2107 2 1224979098644774926 1224979098644774917 2123 3 1224979098644774927 1224979098644774926 10 2136 3 1224979098644774928 0 1000 2147483678 2 1224979098644774928 1224979098644774927 522 3 1224979098644774919 1224979098644774918 30 2105 2 1224979098644774919 1 2110 2 1224979098644774919 100 502 3 1224979098644774918 30 1224979098644774919 4 0 2147484209 3 1224979098644774920 42 1224979098644774914 2342 2 1 1224979098644774920 1106 1 1585267068834415480 501 3 1224979098644774920 42 1224979098644774912 3 0 3 0 
14  37 31 2 144115188075856151 0 1650 2 1224979098644774912 0 2133 2 1224979098644774913 0 6 3 1224979098644774914 0 1224979098644774912 1653 3 1224979098644774915 0 1224979098644774914 2105 2 1224979098644774913 1224979098644774915 3 0 2108 2 1224979098644774913 3 4 0 31 2 1224979098644774913 0 2105 2 1224979098644774913 1 3 0 2133 2 1224979098644774916 1224979098644774913 2133 2 1224979098644774917 0 6 3 1224979098644774918 0 1224979098644774916 2133 2 1224979098644774919 0 6 3 1224979098644774920 74 109 507 3 1224979098644774920 0 0 1 3 161 1224979098644774920 41 2105 2 1224979098644774919 1 3 0 4 0 32 2 1224979098644774919 0 2136 3 1224979098644774921 0 1224979098644774919 1 2 251 1224979098644774921 5 0 31 2 1224979098644774917 0 1106 2 1585267068834415481 16720418 1 2 160 -3 2133 2 1224979098644774917 1 4 0 1 2 70 0 32 2 72057594037927936 0 1 3 313 2 216172782113784188 3 0 3 0 3 0 
24  15 1540 2 1224979098644774912 0 6 3 1224979098644774913 0 1224979098644774912 1541 3 1224979098644774914 0 1224979098644774913 31 2 1224979098644774914 76 1542 3 1224979098644774915 0 1224979098644774913 4 0 30 2 1224979098644774915 37 2147483678 2 1224979098644774915 41 2105 2 1224979098644774915 1 1544 3 0 1224979098644774913 1224979098644774915 5 0 2147483678 2 1224979098644774915 37 1544 3 0 1224979098644774913 37 3 0 3 0 
72  1 1 1 253 
0  19 1541 3 1224979098644774912 0 8 2133 2 1224979098644774913 -1 4 0 31 2 144115188075856034 0 4 0 30 2 1224979098644774912 0 2133 2 1224979098644774913 0 5 0 2133 2 1224979098644774913 0 3 0 5 0 31 2 144115188075856034 1 2133 2 1224979098644774913 0 5 0 31 2 144115188075856034 2 2133 2 1224979098644774913 0 3 0 2147483679 2 1224979098644774913 144115188075856446 2133 2 144115188075856446 1224979098644774913 
2  14 2149 2 1224979098644774912 0 2123 3 1224979098644774913 1224979098644774912 100 1540 2 1224979098644774914 0 6 3 1224979098644774915 0 1224979098644774914 1541 3 1224979098644774916 0 1224979098644774915 30 2 1224979098644774916 0 4 0 33 3 1224979098644774916 74 130 2230 2 1224979098644774917 1224979098644774916 2105 2 1224979098644774912 1224979098644774917 3 0 3 0 2112 3 1224979098644774913 0 100 1645 2 0 1224979098644774913 
6  30 32 2 144115188075856049 0 32 2 144115188075856050 0 32 2 144115188075856051 0 2273 0 4 0 2170 3 1224979098644774912 1 0 2107 2 1224979098644774912 5 2121 3 1224979098644774913 66 1224979098644774912 32 2 1224979098644774913 0 2133 2 1224979098644774914 0 6 3 1224979098644774915 0 144115188075856050 2136 3 1224979098644774916 0 100 2147483678 2 1224979098644774916 1224979098644774913 2105 2 1224979098644774914 1 3 0 1615 3 0 144115188075856049 1224979098644774914 2133 2 1224979098644774914 72057594037927936 32 2 1224979098644774914 0 4 0 32 2 1224979098644774914 1 2133 2 72057594037927938 1 5 0 2133 2 72057594037927938 0 3 0 2133 2 72057594037927937 1224979098644774914 2324 3 1 144115188075856049 1224979098644774914 1105 2 1585267068834415482 16732240 3 0 2133 2 144115188075856049 0 2133 2 144115188075856050 0 
24  10 2147483679 2 144115188075855932 1 1 2 321 0 31 2 72057594037927936 0 2133 2 1224979098644774912 114 6 3 1224979098644774913 46 1224979098644774912 541 3 1224979098644774913 7 0 1 2 321 1224979098644774913 31 2 72057594037927936 1 2133 2 1224979098644774912 0 3 0 
72  29 2133 2 144115188075855932 0 6 3 1224979098644774912 46 114 521 3 1224979098644774913 1224979098644774912 7 32 2 1224979098644774913 0 1651 2 1224979098644774914 1224979098644774912 7 3 1224979098644774915 0 1224979098644774914 1656 3 1224979098644774916 1224979098644774912 1224979098644774915 1507 1 1224979098644774916 540 3 1224979098644774916 2 2 2136 3 1224979098644774917 0 100 4 0 2147483680 2 1224979098644774917 10 1 2 320 1224979098644774916 2133 2 1224979098644774918 72057594037927936 520 3 1224979098644774919 1224979098644774913 11 2105 2 1224979098644774919 1224979098644774918 500 3 1224979098644774913 11 1224979098644774919 1616 3 1224979098644774912 1224979098644774916 1 1 2 364 1224979098644774916 2173 2 1224979098644774920 1224979098644774913 2173 2 1224979098644774921 1224979098644774916 2322 2 1 1224979098644774916 2335 2 2 1224979098644774920 2335 2 3 1224979098644774921 1 3 385 3 1224979098644774916 1105 2 1585267068834415483 72057594037927956 3 0 3 0 3 0 
36  10 1 1 268 1 1 272 1 1 273 1 1 276 1 1 275 1 1 274 6 3 1224979098644774912 114 204 1 2 269 1224979098644774912 1 2 270 1224979098644774912 3 0 
1  6 1 1 405 1 1 404 1 1 406 1 1 407 1 1 408 1 1 409 
36  13 6 3 1224979098644774912 46 204 1073742365 3 1224979098644774912 0 3 541 3 1224979098644774912 0 4 1 3 227 1224979098644774912 1 1 3 227 1224979098644774912 2 2136 3 1224979098644774913 0 100 4 0 2147483678 2 1224979098644774913 70 2147484209 3 1224979098644774912 50 60 1 2 226 1224979098644774912 1 4 225 1224979098644774912 72057594037927936 1 3 0 3 0 
12  20 6 3 1224979098644774912 46 204 521 3 1224979098644774913 1224979098644774912 124 32 2 1224979098644774913 0 521 3 1224979098644774914 1224979098644774912 125 2270 1 1224979098644774915 30 2 1224979098644774915 1224979098644774914 501 3 1224979098644774912 1224979098644774913 1 501 3 1224979098644774912 124 0 1 2 294 1224979098644774913 4 0 541 3 1224979098644774912 7 0 2330 2 4 1224979098644774912 1105 2 1585267068834415484 6737151 3 0 4 0 33 3 1224979098644774912 114 204 31 2 1224979098644774913 131 1 3 308 1224979098644774912 5 3 0 3 0 
24  95 2133 2 1224979098644774912 0 6 3 1224979098644774913 46 73 521 3 1224979098644774914 1224979098644774913 150 4 0 31 2 1224979098644774914 1 1 3 330 1224979098644774913 0 1 1 336 1 1 331 2121 3 1224979098644774915 72057594037927936 1 1 2 337 1224979098644774915 1 1 336 520 3 1224979098644774916 5 0 4 0 33 3 1224979098644774916 405 530 2341 2 1 1224979098644774916 2342 2 2 1224979098644774913 1106 2 1585267068834415485 16776960 1 3 151 1224979098644774916 20 3 0 3 0 2106 2 1224979098644774914 1 2111 2 1224979098644774914 0 501 3 1224979098644774913 150 1224979098644774914 4 0 32 2 1224979098644774914 0 2105 2 1224979098644774912 1 3 0 3 0 6 3 1224979098644774913 46 204 1073742365 3 1224979098644774913 0 3 541 3 1224979098644774913 0 4 521 3 1224979098644774917 1224979098644774913 149 4 0 2147483680 2 1224979098644774917 0 2133 2 1224979098644774918 0 4 0 200 1 39 546 3 39 1 1224979098644774913 2147483850 1 39 2133 2 1224979098644774918 1 5 0 2136 3 1224979098644774919 0 100 2147483678 2 1224979098644774919 3 2133 2 1224979098644774918 1 3 0 4 0 31 2 1224979098644774918 1 2136 3 1224979098644774919 0 3 4 0 31 2 1224979098644774919 0 2133 2 1224979098644774920 199 5 0 31 2 1224979098644774919 1 2133 2 1224979098644774920 203 5 0 2133 2 1224979098644774920 205 3 0 501 3 1224979098644774913 149 1224979098644774920 4 0 31 2 144115188075856024 1 2330 2 1 1224979098644774913 1106 1 1585267068834415486 3 0 3 0 5 0 4 0 2133 2 1224979098644774921 40 4 0 541 3 1224979098644774913 0 3 2133 2 1224979098644774921 20 3 0 2136 3 1224979098644774919 0 100 2147483678 2 1224979098644774919 1224979098644774921 501 3 1224979098644774913 149 0 4 0 31 2 144115188075856024 1 2330 2 1 1224979098644774913 1106 1 1585267068834415487 3 0 3 0 3 0 3 0 4 0 2147483678 2 1224979098644774912 3 2136 3 1224979098644774919 0 100 2147483678 2 1224979098644774919 30 2136 3 1224979098644774922 46 73 2136 3 1224979098644774923 12 15 501 3 1224979098644774922 150 1224979098644774923 4 0 31 2 144115188075856024 1 2330 2 1 1224979098644774922 1106 1 1585267068834415488 3 0 3 0 
8  23 2133 2 1224979098644774912 0 6 3 1224979098644774913 46 204 31 2 1224979098644774912 0 541 3 1224979098644774913 7 -2 2133 2 144115188075856516 1224979098644774913 4 0 31 2 144115188075856516 144115188075856097 2133 2 144115188075856097 0 2060 1 82 5 0 2060 1 85 3 0 2133 2 1224979098644774912 1 5 0 31 2 1224979098644774913 144115188075856097 561 3 1224979098644774913 7 405 2133 2 144115188075856097 0 2204 2 1224979098644774914 1224979098644774913 31 2 1224979098644774914 144115188075856153 2133 2 144115188075856516 1224979098644774913 2060 1 83 2133 2 1224979098644774912 1 3 0 
1  27 2147483685 0 2273 0 30 2 144115188075856120 0 2147484189 3 144115188075856120 7 0 2270 1 1224979098644774912 30 2 1224979098644774912 144115188075856132 2120 3 144115188075856132 1224979098644774912 24 2149 2 1224979098644774913 0 1601 2 1224979098644774914 0 2123 3 1224979098644774915 1224979098644774914 4 2105 2 1224979098644774915 1 4 0 1073741855 2 144115188075856120 49 1073741855 2 144115188075856120 50 31 2 144115188075856120 61 2107 2 1224979098644774915 3 5 0 2107 2 1224979098644774915 2 3 0 4 0 30 2 1224979098644774913 1224979098644774915 1106 1 1585267068834415489 1529 2 0 1224979098644774915 5 0 32 2 1224979098644774913 0 1529 2 0 1224979098644774913 3 0 
12  1 1 1 290 
24  1 1 1 33 
24  71 2133 2 1224979098644774912 0 6 3 1224979098644774913 15 19 502 3 1224979098644774913 20 0 3 0 11 1 1224979098644774914 2204 2 1224979098644774915 1224979098644774914 33 3 1224979098644774915 15 19 1073741857 3 1224979098644774914 46 204 541 3 1224979098644774914 0 13 522 3 1224979098644774916 1224979098644774915 20 2105 2 1224979098644774916 1 502 3 1224979098644774915 20 1224979098644774916 3 0 6 3 1224979098644774913 15 19 542 3 1224979098644774913 21 0 2105 2 1224979098644774912 1 542 3 1224979098644774913 20 0 2133 2 1224979098644774917 0 4 0 31 2 1224979098644774913 15 4 0 2147483680 2 144115188075855908 0 502 3 1224979098644774913 21 2 2133 2 1224979098644774917 1 3 0 5 0 2147483679 2 144115188075856153 1224979098644774913 502 3 1224979098644774913 21 1 11 1 1224979098644774914 2204 2 1224979098644774915 1224979098644774914 31 2 1224979098644774915 1224979098644774913 521 3 1224979098644774918 1224979098644774914 123 2204 2 1224979098644774919 1224979098644774918 1620 2 1224979098644774914 1224979098644774919 3 0 2133 2 1224979098644774920 -1 6 3 1224979098644774921 530 530 540 3 1224979098644774921 14 1224979098644774913 2133 2 1224979098644774920 1224979098644774921 3 0 4 0 33 3 1224979098644774920 530 530 2147483679 2 1224979098644774920 144115188075855908 500 3 1224979098644774920 12 0 3 0 2133 2 1224979098644774917 1 4 0 31 2 144115188075856098 1224979098644774913 2133 2 144115188075856098 0 2133 2 144115188075855936 0 2133 2 144115188075856099 0 1 4 175 189 1224979098644774913 0 3 0 1 4 175 195 1224979098644774913 0 3 0 4 0 31 2 1224979098644774917 1 2106 2 1224979098644774912 1 1 1 349 3 0 6 3 1224979098644774922 15 19 1 2 277 1224979098644774922 3 0 3 0 4 0 31 2 1224979098644774912 1 6 3 1224979098644774913 15 19 542 3 1224979098644774913 21 0 1 4 175 188 1224979098644774913 0 3 0 3 0 
168  4 520 3 1224979098644774912 0 7 2123 3 1224979098644774913 1224979098644774912 200 2106 2 1224979098644774912 1224979098644774913 500 3 0 7 1224979098644774912 
1  46 2147483685 0 32 2 144115188075856033 0 150 1 144115188075856033 2172 3 1224979098644774912 0 2 527 3 1224979098644774913 144115188075856033 4 2147483680 2 1224979098644774913 1224979098644774912 527 3 1224979098644774914 144115188075856033 2 527 3 1224979098644774915 144115188075856033 3 31 2 1224979098644774915 0 2105 2 1224979098644774914 11 507 3 144115188075856033 2 1224979098644774914 30 2 1224979098644774914 1000 507 3 144115188075856033 3 1 2325 2 1 144115188075856033 2319 1 2 4 0 31 2 144115188075856033 59 1521 3 0 15 1 2320 2 2 1585267068834415490 5 0 31 2 144115188075856033 60 1521 3 0 7 1 2320 2 2 1585267068834415491 5 0 31 2 144115188075856033 61 1521 3 0 1 1 2320 2 2 1585267068834415492 5 0 31 2 144115188075856033 62 1520 3 0 2 1 2320 2 2 1585267068834415493 5 0 31 2 144115188075856033 63 1521 3 0 0 1 2320 2 2 1585267068834415494 5 0 31 2 144115188075856033 64 1521 3 0 27 1 2320 2 2 1585267068834415495 5 0 31 2 144115188075856033 65 1521 3 0 8 1 2320 2 2 1585267068834415496 3 0 1120 2 1585267068834415497 1585267068834415498 2133 2 144115188075856033 0 
12  18 11 1 1224979098644774912 541 3 1224979098644774912 0 17 2281 3 1224979098644774913 1224979098644774912 0 4 0 32 2 1224979098644774913 30 1232 1 1224979098644774912 4 0 200 1 32 2147483852 1 32 546 3 32 8 1224979098644774912 1 2 263 32 3 0 5 0 32 2 1224979098644774913 10 501 3 1224979098644774912 7 0 1640 2 1224979098644774912 0 3 0 3 0 
720  7 6 3 1224979098644774912 114 204 541 3 1224979098644774912 7 0 521 3 1224979098644774913 1224979098644774912 26 2105 2 1224979098644774913 3 2110 2 1224979098644774913 100 501 3 1224979098644774912 26 1224979098644774913 3 0 
24  24 6 3 1224979098644774912 0 46 4 0 200 1 1224979098644774912 4 0 2147483852 1 1224979098644774912 566 3 1224979098644774912 23 1 526 3 1224979098644774913 1224979098644774912 23 2106 2 1224979098644774913 1 4 0 31 2 1224979098644774913 0 1 3 194 1224979098644774912 1 5 0 506 3 1224979098644774912 23 1224979098644774913 2133 2 72057594037927936 1224979098644774913 1113 4 1224979098644774912 7 1585267068834414897 0 3 0 3 0 5 0 566 3 1224979098644774912 25 1 526 3 1224979098644774914 1224979098644774912 25 2106 2 1224979098644774914 1 506 3 1224979098644774912 25 1224979098644774914 3 0 3 0 
6  45 33 3 144115188075856153 15 19 31 2 144115188075856151 0 2147484190 3 144115188075856153 4 0 2147483848 1 25 2147483848 1 24 2147484214 3 25 25 1 522 3 1224979098644774912 144115188075856153 7 32 2 1224979098644774912 0 520 3 1224979098644774913 1224979098644774912 10 32 2 1224979098644774913 0 2133 2 1224979098644774914 1 6 3 1224979098644774915 0 24 200 1 1224979098644774915 546 3 1224979098644774915 6 1224979098644774912 2133 2 1224979098644774914 0 3 0 31 2 1224979098644774914 1 6 3 1224979098644774915 26 29 200 1 1224979098644774915 2133 2 1224979098644774914 0 3 0 31 2 1224979098644774914 1 2171 2 1224979098644774916 0 30 2 1224979098644774916 8 2133 2 1224979098644774917 2 6 3 1224979098644774918 46 204 541 3 1224979098644774918 7 0 4 0 541 3 1224979098644774918 0 3 2105 2 1224979098644774917 3 5 0 541 3 1224979098644774918 0 2 2105 2 1224979098644774917 1 5 0 2105 2 1224979098644774917 1 3 0 3 0 2107 2 1224979098644774917 4 2110 2 1224979098644774917 60 506 3 25 6 1224979098644774912 506 3 25 2 1224979098644774912 506 3 25 10 1224979098644774917 506 3 25 23 4 506 3 25 24 28 2060 1 175 
3  128 2133 2 144115188075856517 -1 200 2 24 1 33 3 144115188075856153 15 19 2147484190 3 144115188075856153 4 0 522 3 1224979098644774912 144115188075856153 7 2147483679 2 1224979098644774912 0 32 2 1224979098644774912 0 520 3 1224979098644774913 1224979098644774912 10 32 2 1224979098644774913 0 2281 3 1224979098644774914 1224979098644774913 0 4 0 2147483678 2 1224979098644774914 15 2133 2 144115188075855930 0 2270 1 1224979098644774915 522 3 1224979098644774916 144115188075856153 6 2121 3 1224979098644774917 1224979098644774915 1224979098644774916 2133 2 1224979098644774918 -1 4 0 2136 3 1224979098644774919 0 100 2147483678 2 1224979098644774919 30 540 3 1224979098644774912 20 0 6 3 1224979098644774920 0 20 31 2 1224979098644774918 -1 2136 3 1224979098644774921 26 29 2147484214 3 1224979098644774921 25 1 4 0 31 2 1224979098644774921 26 4 0 542 3 144115188075856153 4 2 32 2 1224979098644774917 120 2136 3 1224979098644774922 5 10 2133 2 1224979098644774918 1224979098644774921 506 3 1224979098644774918 10 1224979098644774922 506 3 1224979098644774918 23 10 506 3 1224979098644774918 24 30 3 0 5 0 31 2 1224979098644774921 27 4 0 542 3 144115188075856153 4 2 522 3 1224979098644774923 144115188075856153 5 33 3 1224979098644774923 46 114 1680 2 1224979098644774924 1224979098644774913 31 2 1224979098644774924 1224979098644774923 2133 2 1224979098644774918 1224979098644774921 506 3 1224979098644774918 1 1224979098644774923 506 3 1224979098644774918 23 2 506 3 1224979098644774918 24 15 3 0 5 0 31 2 1224979098644774921 28 4 0 2133 2 1224979098644774925 100 2133 2 144115188075856518 -1 2133 2 144115188075856519 -1 2133 2 144115188075856520 -1 2133 2 1224979098644774926 0 6 3 1224979098644774920 0 1224979098644774925 4 0 2147483678 2 144115188075856518 0 1 3 88 1224979098644774913 50 2133 2 144115188075856518 72057594037927936 3 0 4 0 2147483678 2 144115188075856519 0 1 3 88 1224979098644774913 50 2147483679 2 144115188075856518 72057594037927936 2133 2 144115188075856519 72057594037927936 3 0 4 0 2147483678 2 144115188075856520 0 1 3 88 1224979098644774913 50 2147483679 2 144115188075856518 72057594037927936 2147483679 2 144115188075856519 72057594037927936 2133 2 144115188075856520 72057594037927936 3 0 2147483679 2 144115188075856518 144115188075856519 2147483679 2 144115188075856518 144115188075856519 2147483679 2 144115188075856519 144115188075856520 30 2 144115188075856518 0 30 2 144115188075856519 0 30 2 144115188075856520 0 2133 2 1224979098644774925 0 2133 2 1224979098644774926 1 3 0 31 2 1224979098644774926 1 2133 2 144115188075856521 0 2133 2 144115188075856522 0 2133 2 144115188075856523 0 2133 2 1224979098644774918 1224979098644774921 506 3 1224979098644774918 23 7 506 3 1224979098644774918 24 25 3 0 3 0 3 0 4 0 2147483679 2 1224979098644774918 -1 506 3 1224979098644774918 11 0 506 3 1224979098644774918 6 1224979098644774912 4 0 31 2 1224979098644774918 27 2060 1 177 5 0 2133 2 144115188075856517 1224979098644774918 506 3 144115188075856517 6 1224979098644774912 2060 1 176 3 0 3 0 3 0 5 0 2105 2 144115188075855930 1 4 0 2147483678 2 144115188075855930 12 4 0 2119 3 1224979098644774927 144115188075855930 4 31 2 1224979098644774927 0 2341 2 1 1224979098644774912 4 0 2147483678 2 144115188075855930 8 1106 2 1585267068834415499 6737151 5 0 1106 2 1585267068834415500 16720418 3 0 3 0 5 0 2060 1 178 3 0 3 0 
0.5  8 200 1 32 2147483852 1 32 526 3 1224979098644774912 32 8 526 3 1224979098644774913 32 1 2281 3 1224979098644774914 1224979098644774912 1224979098644774913 2147483678 2 1224979098644774914 3 1232 1 1224979098644774912 1 2 262 32 
2  12 6 3 1224979098644774912 405 530 520 3 1224979098644774913 1224979098644774912 10 30 2 1224979098644774913 1 541 3 1224979098644774913 31 1 2270 1 1224979098644774914 2147484209 3 1224979098644774913 32 1224979098644774914 501 3 1224979098644774913 30 -1 501 3 1224979098644774913 31 0 2133 2 1224979098644774915 200 2120 3 1224979098644774916 1224979098644774914 1224979098644774915 501 3 1224979098644774913 33 1224979098644774916 3 0 
0.5  34 4 0 200 1 41 2147483850 1 41 526 3 1224979098644774912 41 1 526 3 1224979098644774913 41 10 526 3 1224979098644774914 41 11 2121 3 1224979098644774915 1224979098644774913 1224979098644774914 1 3 350 1224979098644774912 1224979098644774915 2105 2 1224979098644774914 72057594037927936 506 3 41 11 1224979098644774914 2147483680 2 1224979098644774913 1224979098644774914 1 2 262 41 3 0 4 0 200 1 26 2147483850 1 26 526 3 1224979098644774916 26 6 520 3 1224979098644774917 1224979098644774916 10 4 0 32 2 1224979098644774917 0 526 3 1224979098644774913 26 10 526 3 1224979098644774914 26 11 2121 3 1224979098644774915 1224979098644774913 1224979098644774914 1 3 350 1224979098644774917 1224979098644774915 2105 2 1224979098644774914 72057594037927936 506 3 26 11 1224979098644774914 4 0 2147483680 2 1224979098644774913 1224979098644774914 1 2 262 26 3 0 5 0 1 3 194 26 0 3 0 3 0 
1  14 2147483685 0 200 1 42 2147483852 1 42 31 2 144115188075856106 1 2105 2 144115188075856524 1 1 2 292 17 2133 2 1224979098644774912 72057594037927936 2121 3 1224979098644774913 20 1224979098644774912 2107 2 1224979098644774913 3 2108 2 1224979098644774913 5 30 2 144115188075856524 1224979098644774913 2133 2 144115188075856524 0 1030 3 0 0 0 2060 1 133 
1  30 200 1 28 2147483850 1 28 4 0 31 2 144115188075856521 0 2281 3 1224979098644774912 144115188075856518 0 2147483680 2 1224979098644774912 3 2133 2 144115188075856521 1 2342 2 1 144115188075856518 1106 2 1585267068834415501 6737151 3 0 4 0 31 2 144115188075856522 0 2281 3 1224979098644774912 144115188075856519 0 2147483680 2 1224979098644774912 3 2133 2 144115188075856522 1 2342 2 1 144115188075856519 1106 2 1585267068834415501 6737151 3 0 4 0 31 2 144115188075856523 0 2281 3 1224979098644774912 144115188075856520 0 2147483680 2 1224979098644774912 3 2133 2 144115188075856523 1 2342 2 1 144115188075856520 1106 2 1585267068834415501 6737151 3 0 31 2 144115188075856521 1 31 2 144115188075856522 1 31 2 144115188075856523 1 1 2 262 28 
3  7 2147483685 0 200 1 13 546 3 13 11 0 506 3 13 11 1 1030 3 0 0 0 2133 2 144115188075855971 144115188075855965 2133 2 144115188075856124 197 
1  55 2147483685 0 200 1 5 31 2 144115188075856151 0 31 2 144115188075856105 1 526 3 1224979098644774912 5 11 1073741855 2 1224979098644774912 1 1073741855 2 1224979098644774912 2 31 2 1224979098644774912 3 526 3 1224979098644774913 5 10 2106 2 1224979098644774913 1 506 3 5 10 1224979098644774913 1 2 292 0 4 0 2147483678 2 1224979098644774913 0 2133 2 1224979098644774912 4 506 3 5 11 4 1030 3 0 0 0 2060 1 127 5 0 2133 2 1224979098644774914 144115188075856136 521 3 1224979098644774915 144115188075856141 50 2120 3 1224979098644774916 30 1224979098644774915 2107 2 1224979098644774914 1224979098644774916 2108 2 1224979098644774914 80 4 0 31 2 144115188075856139 1 2108 2 1224979098644774914 2 3 0 2111 2 1224979098644774914 2 2136 3 1224979098644774917 1 1224979098644774914 526 3 1224979098644774918 5 22 2105 2 1224979098644774918 1224979098644774917 506 3 5 22 1224979098644774918 1 3 311 0 1224979098644774917 3 0 4 0 31 2 1224979098644774912 1 2106 2 144115188075856137 1 2147483680 2 144115188075856137 0 506 3 5 11 2 2060 1 130 5 0 31 2 1224979098644774912 2 2106 2 144115188075856138 1 2147483680 2 144115188075856138 0 31 2 144115188075856139 0 506 3 5 11 3 2123 3 1224979098644774919 10000 144115188075856135 2105 2 1224979098644774919 30 2136 3 1224979098644774920 0 1000 4 0 2147483678 2 1224979098644774920 1224979098644774919 2060 1 131 3 0 3 0 
72  9 32 2 144115188075856006 0 32 2 144115188075856007 0 4 0 2190 3 1224979098644774912 144115188075856006 144115188075856007 2147483678 2 1224979098644774912 0 1 4 171 144115188075856006 144115188075856007 1 3 0 2133 2 144115188075856006 0 2133 2 144115188075856007 0 
1  47 4 0 31 2 144115188075856447 0 32 2 144115188075855886 0 4 0 110 1 144115188075855886 2147483679 2 144115188075856151 1 1025 1 144115188075855886 5 0 2133 2 144115188075855886 0 3 0 5 0 32 2 144115188075855916 0 31 2 144115188075856447 0 4 0 110 1 144115188075855916 2147483679 2 144115188075856151 1 2133 2 144115188075856497 61 1025 1 144115188075855916 5 0 2133 2 144115188075855916 0 3 0 5 0 32 2 144115188075855884 0 31 2 144115188075856447 0 520 3 1224979098644774912 144115188075855884 71 4 0 110 1 144115188075855884 110 1 1224979098644774912 2147483679 2 144115188075856151 1 2133 2 144115188075856497 72 1025 1 144115188075855884 5 0 2133 2 144115188075855884 0 3 0 5 0 31 2 144115188075855919 0 6 3 1224979098644774913 386 404 110 1 1224979098644774913 540 3 1224979098644774913 78 0 520 3 1224979098644774914 1224979098644774913 60 32 2 1224979098644774914 0 2281 3 1224979098644774915 1224979098644774914 0 2147483678 2 1224979098644774915 7 2133 2 144115188075856497 60 1025 1 1224979098644774913 3 0 3 0 
4  50 6 3 1224979098644774912 405 530 560 3 1224979098644774912 55 1 2173 2 1224979098644774913 1224979098644774912 520 3 1224979098644774914 1224979098644774912 55 520 3 1224979098644774915 1224979098644774912 10 2133 2 1224979098644774916 0 4 0 2147483680 2 1224979098644774915 0 2147484208 3 1224979098644774912 8 0 2133 2 1224979098644774916 1 5 0 32 2 1224979098644774915 0 1694 2 1224979098644774917 1224979098644774915 4 0 2147483678 2 1224979098644774917 0 1665 2 1224979098644774917 1224979098644774915 3 0 3221225505 3 1224979098644774917 46 204 541 3 1224979098644774917 7 1224979098644774912 2133 2 1224979098644774918 530 6 3 1224979098644774919 405 1224979098644774918 520 3 1224979098644774920 1224979098644774919 10 32 2 1224979098644774920 0 2204 2 1224979098644774921 1224979098644774920 31 2 1224979098644774921 1224979098644774913 2281 3 1224979098644774922 1224979098644774915 1224979098644774920 2147483678 2 1224979098644774922 4 2133 2 1224979098644774918 0 3 0 2147483679 2 1224979098644774918 0 2133 2 1224979098644774916 1 3 0 31 2 1224979098644774916 1 1 3 111 1224979098644774912 1224979098644774914 500 3 1224979098644774912 55 0 4 0 33 3 1224979098644774914 15 19 2341 2 1 1224979098644774912 2343 2 2 1224979098644774913 2343 2 3 1224979098644774914 1106 2 1585267068834415502 16776960 4 0 31 2 1224979098644774913 144115188075856153 1 4 175 191 1224979098644774912 1224979098644774914 5 0 31 2 1224979098644774914 144115188075856153 1 4 175 192 1224979098644774912 1224979098644774913 3 0 3 0 3 0 
8  8 31 2 144115188075856525 1 6 3 1224979098644774912 46 114 521 3 1224979098644774913 1224979098644774912 800 33 3 1224979098644774913 1 4 521 3 1224979098644774914 1224979098644774912 54 2147483678 2 1224979098644774914 0 1 2 415 1224979098644774912 3 0 
1  0 
6  51 6 3 1224979098644774912 46 114 521 3 1224979098644774913 1224979098644774912 800 33 3 1224979098644774913 1 4 2204 2 1224979098644774914 1224979098644774912 521 3 1224979098644774915 1224979098644774912 54 11 1 1224979098644774916 1609 2 1224979098644774917 1224979098644774916 31 2 1224979098644774917 13 541 3 1224979098644774916 123 1224979098644774912 2204 2 1224979098644774918 1224979098644774916 4 0 2147483679 2 1224979098644774914 1224979098644774918 1620 2 1224979098644774916 1224979098644774914 4 0 31 2 1224979098644774914 16 1676 2 1224979098644774916 6 5 0 31 2 1224979098644774914 16 1676 2 1224979098644774916 8 5 0 31 2 1224979098644774914 16 1676 2 1224979098644774916 23 5 0 1676 2 1224979098644774916 26 3 0 522 3 1224979098644774919 1224979098644774914 83 522 3 1224979098644774920 1224979098644774914 84 522 3 1224979098644774921 1224979098644774914 85 1106 1 1585267068834415503 1617 1 1224979098644774916 4 0 31 2 1224979098644774913 1 1610 3 1224979098644774916 1224979098644774919 15 1610 3 1224979098644774916 1224979098644774920 5 5 0 31 2 1224979098644774913 2 1610 3 1224979098644774916 1224979098644774919 20 1610 3 1224979098644774916 1224979098644774920 10 1610 3 1224979098644774916 1224979098644774921 5 5 0 31 2 1224979098644774913 3 1610 3 1224979098644774916 1224979098644774919 25 1610 3 1224979098644774916 1224979098644774920 15 1610 3 1224979098644774916 1224979098644774921 10 3 0 3 0 4 0 30 2 1224979098644774915 0 3 0 3 0 3 0 
1  5 31 2 144115188075856525 0 1 1 413 1 1 412 1 1 413 2133 2 144115188075856525 1 
0.5  5 11 1 1224979098644774912 1609 2 1224979098644774913 1224979098644774912 31 2 1224979098644774913 13 1 2 418 1224979098644774912 3 0 
2  5 11 1 1224979098644774912 1609 2 1224979098644774913 1224979098644774912 31 2 1224979098644774913 13 1 2 416 1224979098644774912 3 0 
1  5 6 3 1224979098644774912 46 114 521 3 1224979098644774913 1224979098644774912 800 32 2 1224979098644774913 0 1 2 419 1224979098644774912 3 0 
2  115 4 0 2310 2 1224979098644774912 14 2147483678 2 1224979098644774912 5 1103 1 5 1100 2 63 14 2133 2 1224979098644774913 72057594037927936 501 3 1224979098644774913 123 63 1620 2 1224979098644774913 6 1 2 421 1224979098644774913 3 0 11 1 1224979098644774913 1609 2 1224979098644774914 1224979098644774913 31 2 1224979098644774914 14 2293 2 1224979098644774915 1224979098644774913 2291 2 1224979098644774916 1224979098644774913 521 3 1224979098644774917 1224979098644774913 123 521 3 1224979098644774918 1224979098644774916 49 4 0 31 2 1224979098644774915 8 31 2 1224979098644774916 1224979098644774917 4 0 1602 2 1224979098644774919 1224979098644774913 32 2 1224979098644774919 0 1651 2 1224979098644774920 1224979098644774913 7 3 1224979098644774921 0 1224979098644774920 1656 3 1224979098644774922 1224979098644774913 1224979098644774921 32 2 1224979098644774922 0 1657 3 1224979098644774923 1224979098644774913 1224979098644774921 1616 3 1224979098644774913 1224979098644774922 1224979098644774923 3 0 3 0 4 0 1630 3 1224979098644774924 1224979098644774913 117 32 2 1224979098644774924 0 1615 3 1224979098644774913 117 1224979098644774924 3 0 1 2 421 1224979098644774913 5 0 31 2 1224979098644774915 8 2147483679 2 1224979098644774916 1224979098644774917 2133 2 1224979098644774925 0 4 0 1602 2 1224979098644774919 1224979098644774916 32 2 1224979098644774919 0 2107 2 1224979098644774919 2 2123 3 1224979098644774926 1224979098644774919 3 2133 2 1224979098644774927 0 1651 2 1224979098644774920 1224979098644774916 7 3 1224979098644774921 0 1224979098644774920 2147483678 2 1224979098644774927 1224979098644774926 1656 3 1224979098644774922 1224979098644774916 1224979098644774921 32 2 1224979098644774922 0 2147485155 1 1224979098644774922 1657 3 1224979098644774923 1224979098644774916 1224979098644774921 2121 3 1224979098644774928 1224979098644774926 1224979098644774927 2112 3 1224979098644774923 0 1224979098644774928 1611 3 1224979098644774913 1224979098644774922 1224979098644774923 1616 3 1224979098644774916 1224979098644774922 1224979098644774923 2105 2 1224979098644774927 1224979098644774923 2171 2 1224979098644774929 1224979098644774922 2133 2 1224979098644774930 1224979098644774929 4 0 2147483680 2 1224979098644774929 10 2133 2 1224979098644774931 16 5 0 2133 2 1224979098644774931 8 3 0 2105 2 1224979098644774930 10 2107 2 1224979098644774930 1224979098644774930 2108 2 1224979098644774930 1224979098644774931 2107 2 1224979098644774930 1224979098644774923 2105 2 1224979098644774925 1224979098644774930 3 0 3 0 4 0 1630 3 1224979098644774924 1224979098644774916 117 32 2 1224979098644774924 0 1615 3 1224979098644774916 117 1224979098644774924 1611 3 1224979098644774913 117 1224979098644774924 2107 2 1224979098644774924 112 2105 2 1224979098644774925 1224979098644774924 2133 2 72057594037927966 1224979098644774924 3 0 4 0 1601 2 1224979098644774932 1224979098644774913 2147483678 2 1224979098644774932 30 2121 3 1224979098644774933 30 1224979098644774932 1650 2 1224979098644774934 1224979098644774916 2133 2 1224979098644774935 0 6 3 1224979098644774921 0 1224979098644774934 2147483678 2 1224979098644774935 1224979098644774933 1652 3 1224979098644774936 1224979098644774916 1224979098644774921 33 3 1224979098644774936 24 95 1653 3 1224979098644774923 1224979098644774916 1224979098644774921 2121 3 1224979098644774928 1224979098644774933 1224979098644774935 2112 3 1224979098644774923 0 1224979098644774928 1615 3 1224979098644774916 1224979098644774936 1224979098644774923 1610 3 1224979098644774913 1224979098644774936 1224979098644774923 2105 2 1224979098644774935 1224979098644774923 2107 2 1224979098644774923 50 2105 2 1224979098644774925 1224979098644774923 3 0 3 0 4 0 32 2 1224979098644774925 0 2105 2 1224979098644774918 1224979098644774925 501 3 1224979098644774917 49 1224979098644774918 3 0 1 2 421 1224979098644774913 5 0 2147483679 2 1224979098644774915 8 2147483679 2 1224979098644774915 1 1 2 421 1224979098644774913 3 0 3 0 
1  4 2147483679 2 144115188075856526 1 502 3 6 88 12 502 3 6 89 8 2133 2 144115188075856526 1 
24  21 31 2 144115188075856515 1 2319 1 3 2133 2 1224979098644774912 0 6 3 1224979098644774913 46 204 541 3 1224979098644774913 7 0 521 3 1224979098644774914 1224979098644774913 47 521 3 1224979098644774915 1224979098644774913 48 2105 2 1224979098644774912 1224979098644774914 2105 2 1224979098644774912 1224979098644774915 501 3 1224979098644774913 47 0 501 3 1224979098644774913 48 0 3 0 2133 2 72057594037927937 1224979098644774912 4 0 32 2 1224979098644774912 0 522 3 1224979098644774916 6 87 2105 2 1224979098644774916 1224979098644774912 502 3 6 87 1224979098644774916 1120 2 1585267068834415504 1585267068834415505 3 0 2133 2 144115188075856515 0 
144  12 522 3 1224979098644774912 6 89 522 3 1224979098644774913 6 87 2107 2 1224979098644774912 100 2108 2 1224979098644774912 5 2122 3 1224979098644774912 1224979098644774913 1224979098644774912 2108 2 1224979098644774912 10000 2105 2 1224979098644774913 1224979098644774912 502 3 6 87 1224979098644774913 2133 2 72057594037927946 1224979098644774912 2133 2 72057594037927947 1224979098644774913 32 2 1224979098644774912 0 1106 1 1585267068834415506 
24  28 2133 2 1224979098644774912 0 11 1 1224979098644774913 1609 2 1224979098644774914 1224979098644774913 31 2 1224979098644774914 16 2105 2 1224979098644774912 1 3 0 4 0 2147483678 2 1224979098644774912 10 1103 1 5 2136 3 1224979098644774915 225 234 1100 2 1224979098644774915 16 2133 2 1224979098644774916 72057594037927936 1625 2 1 1224979098644774916 1640 2 1224979098644774916 2 1643 2 1224979098644774916 4 1642 2 1224979098644774916 1 1603 3 1224979098644774916 2163200 1 1645 2 1224979098644774916 50 1605 2 1224979098644774916 1585267068834415507 1 2 97 1224979098644774916 4 0 32 2 72057594037927936 0 2330 2 1 72057594037927936 5 0 2320 2 1 1585267068834415508 3 0 1106 2 1585267068834415509 16732240 3 0 
168  0 
