30
tab_game_character_sheet 0 tableau_with_transparency 1024 1024 0 0 266 532 13 23 2 1224979098644774912 1 1985 1 4287137928 1987 3 10 11 15 2124 1 100 1989 5 0 40 40 0 100000 701 1 1 731 2 1 100 729 2 1 -20 730 2 1 -20 1980 5 6 1224979098644774912 1 0 0 731 2 1 200 1980 5 5 1224979098644774912 1 0 0 731 2 1 300 
tab_game_inventory_window 0 tableau_with_transparency 1024 1024 0 0 180 270 13 23 2 1224979098644774912 1 1985 1 4287137928 1987 3 10 11 15 2124 1 100 1989 5 0 40 40 0 100000 701 1 1 731 2 1 100 729 2 1 -20 730 2 1 -20 1980 5 8 1224979098644774912 1 0 0 731 2 1 200 1980 5 7 1224979098644774912 1 0 0 731 2 1 300 
tab_game_party_window 0 tableau_with_transparency 1024 1024 0 0 300 300 13 23 2 1224979098644774912 1 1985 1 4287137928 1987 3 10 11 15 2124 1 100 1989 5 0 40 40 0 100000 701 1 1 731 2 1 100 729 2 1 -20 730 2 1 -20 1980 5 10 1224979098644774912 1 0 0 731 2 1 200 1980 5 9 1224979098644774912 1 0 0 731 2 1 300 
tab_troop_note_alpha_mask 0 mat_troop_portrait_mask 1024 1024 0 0 400 400 5 23 2 1224979098644774912 1 1985 1 8947848 1987 3 10 11 15 1984 0 1 2 285 1224979098644774912 
tab_troop_note_color 0 mat_troop_portrait_color 1024 1024 0 0 400 400 4 23 2 1224979098644774912 1 1985 1 4291214228 1987 3 10 11 15 1 2 285 1224979098644774912 
tab_troop_character_alpha_mask 0 mat_troop_portrait_mask 1024 1024 0 0 400 400 5 23 2 1224979098644774912 1 1985 1 8947848 1987 3 10 11 15 1984 0 1 2 286 1224979098644774912 
tab_troop_character_color 0 mat_troop_portrait_color 1024 1024 0 0 400 400 4 23 2 1224979098644774912 1 1985 1 4292923313 1987 3 10 11 15 1 2 286 1224979098644774912 
tab_troop_inventory_alpha_mask 0 mat_troop_portrait_mask 1024 1024 0 0 400 400 5 23 2 1224979098644774912 1 1985 1 8947848 1987 3 10 11 15 1984 0 1 2 287 1224979098644774912 
tab_troop_inventory_color 0 mat_troop_portrait_color 1024 1024 0 0 400 400 4 23 2 1224979098644774912 1 1985 1 4285159482 1987 3 10 11 15 1 2 287 1224979098644774912 
tab_troop_party_alpha_mask 0 mat_troop_portrait_mask 1024 1024 0 0 400 400 5 23 2 1224979098644774912 1 1985 1 8947848 1987 3 10 11 15 1984 0 1 2 288 1224979098644774912 
tab_troop_party_color 0 mat_troop_portrait_color 1024 1024 0 0 400 400 4 23 2 1224979098644774912 1 1985 1 4290681970 1987 3 10 11 15 1 2 288 1224979098644774912 
tab_troop_note_mesh 0 tableau_with_transparency 1024 1024 0 0 350 350 14 23 2 1224979098644774912 1 1985 1 4287137928 1987 3 10 11 15 2124 1 100 1989 5 0 40 40 0 100000 701 1 1 731 2 1 100 729 2 1 -20 730 2 1 -20 1980 5 4 1224979098644774912 1 0 0 731 2 1 200 1980 5 3 1224979098644774912 1 0 0 731 2 1 300 1992 4 75 1 0 0 
tab_center_note_mesh 0 tableau_with_transparency 1024 1024 0 0 200 200 31 23 2 1224979098644774912 1 2124 1 100 1985 1 8947848 1987 3 10 11 15 701 1 8 729 2 8 -210 730 2 8 200 731 2 8 300 1990 4 8 550 500 450 1989 5 1 10 10 10 10000 701 1 1 731 2 1 0 731 2 1 -500 701 1 1 730 2 1 -100 729 2 1 -100 731 2 1 100 725 2 1 200 1681 2 1224979098644774913 1224979098644774912 4 0 30 2 1224979098644774913 0 1994 3 1224979098644774913 1 0 3 0 701 1 5 729 2 5 -90 731 2 5 500 730 2 5 480 723 2 5 -90 725 2 5 180 723 2 5 -35 1988 1 5 
tab_faction_note_mesh_for_menu 0 pic_arms_swadian 1024 512 0 0 450 225 13 23 2 1224979098644774912 1 1985 1 4294967295 2124 1 100 4 0 33 3 1224979098644774912 16 19 2120 3 1224979098644774913 27 1224979098644774912 2106 2 1224979098644774913 16 701 1 1 730 2 1 -5 729 2 1 -45 1992 4 1224979098644774913 1 0 0 1989 5 0 160 80 0 100000 3 0 
tab_faction_note_mesh 0 pic_arms_swadian 1024 512 0 0 500 250 12 23 2 1224979098644774912 1 1985 1 4294967295 2124 1 100 4 0 33 3 1224979098644774912 16 19 2120 3 1224979098644774913 27 1224979098644774912 2106 2 1224979098644774913 16 701 1 1 730 2 1 -5 1992 4 1224979098644774913 1 0 0 1989 5 0 100 50 0 100000 3 0 
tab_faction_note_mesh_banner 0 tableau_with_transparency 1024 1024 0 0 200 200 15 23 2 1224979098644774912 1 2124 1 100 4 0 522 3 1224979098644774913 1224979098644774912 10 30 2 1224979098644774913 0 520 3 1224979098644774914 1224979098644774913 13 2120 3 1224979098644774915 656 1 33 3 1224979098644774914 594 1224979098644774915 2106 2 1224979098644774914 594 2120 3 1224979098644774916 1224979098644774914 165 701 1 1 730 2 1 100 1992 4 1224979098644774916 1 0 0 1989 5 0 210 210 0 100000 3 0 
tab_2_factions_mesh 0 tableau_with_transparency 1024 1024 0 0 200 200 33 23 2 1224979098644774912 1 2119 3 1224979098644774913 1224979098644774912 128 2108 2 1224979098644774912 128 2105 2 1224979098644774912 15 2105 2 1224979098644774913 15 2124 1 100 4 0 522 3 1224979098644774914 1224979098644774912 10 30 2 1224979098644774914 0 520 3 1224979098644774915 1224979098644774914 13 2120 3 1224979098644774916 656 1 33 3 1224979098644774915 594 1224979098644774916 2106 2 1224979098644774915 594 2120 3 1224979098644774917 1224979098644774915 165 701 1 1 729 2 1 -50 730 2 1 100 1992 4 1224979098644774917 1 0 0 3 0 4 0 522 3 1224979098644774914 1224979098644774913 10 30 2 1224979098644774914 0 520 3 1224979098644774915 1224979098644774914 13 2120 3 1224979098644774916 656 1 33 3 1224979098644774915 594 1224979098644774916 2106 2 1224979098644774915 594 2120 3 1224979098644774917 1224979098644774915 165 701 1 1 729 2 1 50 730 2 1 100 1992 4 1224979098644774917 1 0 0 3 0 1989 5 0 210 210 0 100000 
tab_color_picker 0 missiles 32 32 0 0 0 0 9 23 2 1224979098644774912 1 2124 1 100 701 1 1 1992 4 85 1 0 0 722 2 1 1 720 2 1 -2 721 2 1 -2 1993 5 79 1 200 0 1224979098644774912 1989 5 0 20 20 0 100000 
tab_custom_banner_square_no_mesh 0 missiles 512 512 0 0 300 300 4 23 2 1224979098644774912 1 2124 1 100 1 11 342 1224979098644774912 0 0 10000 10000 9800 9800 10000 10000 0 1989 5 0 100 100 0 100000 
tab_custom_banner_default 0 missiles 512 256 0 0 0 0 7 23 2 1224979098644774912 1 2124 1 100 1 11 342 1224979098644774912 -9 -2 7450 19400 7200 18000 9000 10000 0 701 1 1 731 2 1 10 1992 4 161 1 0 0 1989 5 0 100 200 0 100000 
tab_custom_banner_tall 0 missiles 512 256 0 0 0 0 7 23 2 1224979098644774912 1 2124 1 100 1 11 342 1224979098644774912 -9 12 8250 18000 8000 21000 10000 10000 0 701 1 1 731 2 1 10 1992 4 161 1 0 0 1989 5 0 100 200 0 100000 
tab_custom_banner_square 0 missiles 256 256 0 0 0 0 7 23 2 1224979098644774912 1 2124 1 100 1 11 342 1224979098644774912 -11 10 7700 7700 7500 7500 8300 10000 0 701 1 1 731 2 1 10 1992 4 162 1 0 0 1989 5 0 100 100 0 100000 
tab_custom_banner_short 0 missiles 256 512 0 0 0 0 7 23 2 1224979098644774912 1 2124 1 100 1 11 342 1224979098644774912 -10 0 8050 5000 4200 4800 6600 10000 0 701 1 1 731 2 1 10 1992 4 164 1 0 0 1989 5 0 100 50 0 100000 
tab_background_selection 0 missiles 512 512 0 0 100 100 7 23 2 1224979098644774912 1 520 3 1224979098644774913 0 91 500 3 0 91 1224979098644774912 2124 1 100 1 11 342 0 0 0 10000 10000 9800 9800 10000 10000 0 1989 5 0 100 100 0 100000 500 3 0 91 1224979098644774913 
tab_positioning_selection 0 missiles 512 512 0 0 100 100 7 23 2 1224979098644774912 1 520 3 1224979098644774913 0 98 500 3 0 98 1224979098644774912 2124 1 100 1 11 342 0 0 0 10000 10000 9800 9800 10000 10000 0 1989 5 0 100 100 0 100000 500 3 0 98 1224979098644774913 
tab_retirement_troop 0 troop_portrait 1024 1024 0 0 600 600 71 23 2 1224979098644774912 1 2124 1 100 1985 1 0 1987 3 10 11 15 701 1 8 729 2 8 -210 730 2 8 200 731 2 8 300 1990 4 8 550 500 450 1997 1 447 4 0 31 2 1224979098644774912 0 1999 1 134 1999 1 133 1999 1 136 2133 2 1224979098644774913 301 5 0 31 2 1224979098644774912 1 1999 1 195 1999 1 154 1999 1 136 2133 2 1224979098644774913 301 5 0 31 2 1224979098644774912 2 1999 1 158 1999 1 136 2133 2 1224979098644774913 302 5 0 31 2 1224979098644774912 3 1999 1 155 1999 1 137 2133 2 1224979098644774913 302 5 0 31 2 1224979098644774912 4 1999 1 159 1999 1 216 2133 2 1224979098644774913 303 5 0 31 2 1224979098644774912 5 1999 1 156 1999 1 216 2133 2 1224979098644774913 303 5 0 31 2 1224979098644774912 6 1999 1 160 1999 1 216 2133 2 1224979098644774913 304 5 0 31 2 1224979098644774912 7 1999 1 149 2133 2 1224979098644774913 304 5 0 31 2 1224979098644774912 8 1999 1 150 1999 1 137 2133 2 1224979098644774913 304 5 0 31 2 1224979098644774912 9 2133 2 1224979098644774913 305 5 0 2133 2 1224979098644774913 305 3 0 701 1 2 1989 5 1 6 6 10 10000 701 1 5 731 2 5 96 730 2 5 350 1995 4 0 2 1224979098644774913 0 723 2 5 -90 725 2 5 180 1988 1 5 
tab_retired_troop_alpha_mask 0 mat_troop_portrait_mask 512 512 0 0 400 400 5 23 2 1224979098644774912 1 1985 1 8947848 1987 3 10 11 15 1984 0 1 2 285 1224979098644774912 
tab_retired_troop_color 0 mat_troop_portrait_color 512 512 0 0 400 400 4 23 2 1224979098644774912 1 1985 1 4293383065 1987 3 10 11 15 1 2 285 1224979098644774912 
tab_retired_troop 0 tableau_with_transparency 512 512 0 0 400 400 12 23 2 1224979098644774912 1 1985 1 4287137928 1987 3 10 11 15 2124 1 100 1989 5 0 40 40 0 100000 701 1 1 731 2 1 100 729 2 1 -20 730 2 1 -20 1980 5 27 1224979098644774912 1 0 0 731 2 1 200 1980 5 26 1224979098644774912 1 0 0 
tab_starship_icon 0 tableau_with_transparency 1024 1024 0 0 300 300 29 23 2 1224979098644774912 1 2124 1 100 1985 1 0 701 1 8 729 2 8 -210 730 2 8 200 731 2 8 300 1989 5 1 10 10 10 10000 701 1 1 731 2 1 0 731 2 1 -500 701 1 1 729 2 1 10 730 2 1 -20 731 2 1 100 725 2 1 -60 1994 3 1224979098644774912 1 0 701 1 5 729 2 5 -90 731 2 5 400 730 2 5 620 723 2 5 -90 724 2 5 -20 725 2 5 180 723 2 5 -35 720 3 5 20 0 721 3 5 50 0 722 3 5 -200 0 1988 1 5 
