triggersfile version 1
27
0.100000 0.000000 100000000.000000  1 37 1 0  1 2060 1 864691128455135448 
0.200000 0.000000 100000000.000000  1 37 1 0  1 1 4 936748722493063332 432345564227567633 432345564227567634 1 
0.000000 0.000000 0.000000  2 37 0 2147483679 2 144115188075855872 360287970189639680  2 2133 2 144115188075855872 360287970189639680 47 1 144115188075855872 
0.000000 0.000000 0.000000  2 37 0 2147483679 2 144115188075855873 0  1 2133 2 144115188075855873 0 
0.000000 0.000000 24.000000  0  31 1492 1 100 1490 1 150 1492 1 100 1493 2 288230376151711841 700 1512 3 360287970189640403 11 40 2121 3 1224979098644774912 245 288230376151711819 6 3 1224979098644774913 648518346341351471 648518346341351497 521 3 1224979098644774914 1224979098644774913 23 1492 1 100 6 3 1224979098644774915 288230376151711819 288230376151711858 2120 3 1224979098644774916 1224979098644774915 1224979098644774912 521 3 1224979098644774917 1224979098644774913 1224979098644774916 2133 2 1224979098644774918 100 2107 2 1224979098644774918 1000 2108 2 1224979098644774918 1224979098644774917 2107 2 1224979098644774918 1000 2108 2 1224979098644774918 1224979098644774917 2107 2 1224979098644774918 1000 2108 2 1224979098644774918 1224979098644774917 2107 2 1224979098644774918 1000 2108 2 1224979098644774918 1224979098644774917 1493 2 1224979098644774915 1224979098644774918 3 0 1512 3 1224979098644774914 11 40 1510 2 1224979098644774914 30 1511 1 1224979098644774914 2149 2 1224979098644774919 1224979098644774914 2147483678 2 1224979098644774919 1500 2136 3 1224979098644774920 500 1000 1 3 936748722493063478 1224979098644774914 1224979098644774920 3 0 
0.000000 0.000000 24.000000  0  16 1492 1 100 1490 1 150 6 3 72057594037927938 360287970189640299 360287970189640325 1512 3 72057594037927938 12 5 1512 3 72057594037927938 15 5 1512 3 72057594037927938 13 5 1512 3 72057594037927938 13 5 1512 3 72057594037927938 13 5 1512 3 72057594037927938 14 5 1510 2 72057594037927938 30 1511 1 72057594037927938 2149 2 72057594037927942 72057594037927938 2147483678 2 72057594037927942 900 2136 3 1224979098644774912 200 400 1 3 936748722493063478 72057594037927938 1224979098644774912 3 1 0 
0.000000 0.000000 24.000000  0  23 1492 1 100 1490 1 150 6 3 72057594037927938 360287970189640325 360287970189640351 1512 3 72057594037927938 2 5 1512 3 72057594037927938 3 5 1512 3 72057594037927938 4 5 1512 3 72057594037927938 10 4 1512 3 72057594037927938 9 5 1512 3 72057594037927938 9 5 1512 3 72057594037927938 17 5 1512 3 72057594037927938 16 5 1512 3 72057594037927938 16 5 1512 3 72057594037927938 6 5 1512 3 72057594037927938 18 5 1512 3 72057594037927938 7 4 1512 3 72057594037927938 7 4 1510 2 72057594037927938 30 1511 1 72057594037927938 2149 2 72057594037927942 72057594037927938 2147483678 2 72057594037927942 900 2136 3 1224979098644774912 200 400 1 3 936748722493063478 72057594037927938 1224979098644774912 3 1 0 
0.000000 0.000000 24.000000  0  11 1492 1 100 1490 1 150 6 3 1224979098644774912 360287970189640404 360287970189640430 1512 3 1224979098644774912 1 8 1510 2 1224979098644774912 30 1511 1 1224979098644774912 2149 2 1224979098644774913 1224979098644774912 2147483678 2 1224979098644774913 600 2136 3 1224979098644774914 200 400 1 3 936748722493063478 1224979098644774912 1224979098644774914 3 0 
5.700000 0.000000 0.000000  4 2300 2 72057594037927939 576460752303423495 2147483678 2 72057594037927939 10 2310 2 72057594037927938 576460752303423495 2147483678 2 72057594037927938 3  2 1103 1 1 1100 2 648518346341351463 576460752303423495 
2.000000 0.000000 0.000000  2 2311 2 72057594037927938 576460752303423519 131 1 72057594037927938  5 2204 2 1224979098644774912 72057594037927938 1 3 936748722493063249 1224979098644774912 -1 1640 2 72057594037927938 1 1641 2 72057594037927938 72057594037927936 1603 3 72057594037927938 65536 0 
4.000000 0.000000 0.000000  3 31 2 144115188075855874 1 2291 2 72057594037927937 144115188075855984 2147483679 2 72057594037927937 144115188075855983  1 2133 2 144115188075855874 0 
1.500000 0.000000 0.000000  2 2311 2 72057594037927938 576460752303423515 131 1 72057594037927938  5 2204 2 1224979098644774912 72057594037927938 1 3 936748722493063249 1224979098644774912 -1 1640 2 72057594037927938 1 1641 2 72057594037927938 72057594037927936 1603 3 72057594037927938 65536 0 
1.000000 0.000000 0.000000  0  9 6 3 1224979098644774912 432345564227567632 432345564227567636 542 3 1224979098644774912 21 0 2147483679 2 1224979098644774912 432345564227567632 4 0 2136 3 1224979098644774913 0 100 2147483678 2 1224979098644774913 15 1 3 936748722493063295 1224979098644774912 11 3 0 3 0 
0.200000 0.000000 0.000000  43 200 1 504403158265495571 2147483852 1 504403158265495571 546 3 504403158265495571 11 2 526 3 1224979098644774912 504403158265495571 1 526 3 1224979098644774913 504403158265495571 8 4 0 2147483780 1 1224979098644774913 506 3 504403158265495571 11 3 1 2 936748722493063430 504403158265495571 5 0 130 2 1224979098644774913 1224979098644774912 1232 1 1224979098644774913 506 3 504403158265495571 11 3 526 3 1224979098644774914 504403158265495571 4 2133 2 1224979098644774915 0 6 3 1224979098644774916 432345564227567632 432345564227567636 542 3 1224979098644774916 21 0 2147483679 2 1224979098644774916 432345564227567632 2147484194 3 504403158265495571 3 1224979098644774916 2105 2 1224979098644774915 1 3 0 4 0 32 2 1224979098644774915 0 2136 3 1224979098644774917 0 1224979098644774915 2133 2 1224979098644774918 -1 6 3 1224979098644774916 432345564227567632 432345564227567636 31 2 1224979098644774918 -1 542 3 1224979098644774916 21 0 2147483679 2 1224979098644774916 432345564227567632 2147484194 3 504403158265495571 3 1224979098644774916 2106 2 1224979098644774917 1 2147483678 2 1224979098644774917 0 2133 2 1224979098644774918 1224979098644774916 3 0 3 0 4 0 32 2 1224979098644774918 0 1 3 936748722493063279 1224979098644774914 1224979098644774918 5 0 1 3 936748722493063279 1224979098644774914 432345564227567637 3 0 1 2 936748722493063429 504403158265495571 3 0  0 
0.200000 0.000000 0.000000  64 200 1 504403158265495566 2147483852 1 504403158265495566 526 3 1224979098644774912 504403158265495566 7 526 3 1224979098644774913 504403158265495566 1 4 0 132 1 144115188075855968 4 0 130 2 144115188075855968 1224979098644774913 1232 1 144115188075855968 2105 2 144115188075855875 1 5 0 130 2 144115188075855968 1224979098644774912 1232 1 144115188075855968 2105 2 144115188075855876 1 5 0 2281 3 1224979098644774914 648518346341351424 144115188075855968 32 2 1224979098644774914 3 1641 2 144115188075855968 1224979098644774913 3 0 3 0 4 0 132 1 144115188075855969 4 0 130 2 144115188075855969 1224979098644774913 1232 1 144115188075855969 2105 2 144115188075855875 1 5 0 130 2 144115188075855969 1224979098644774912 1232 1 144115188075855969 2105 2 144115188075855876 1 5 0 2281 3 1224979098644774914 648518346341351424 144115188075855969 32 2 1224979098644774914 3 1641 2 144115188075855969 1224979098644774913 3 0 3 0 4 0 132 1 144115188075855970 4 0 130 2 144115188075855970 1224979098644774913 1232 1 144115188075855970 2105 2 144115188075855875 1 5 0 130 2 144115188075855970 1224979098644774912 1232 1 144115188075855970 2105 2 144115188075855876 1 5 0 2281 3 1224979098644774914 648518346341351424 144115188075855970 32 2 1224979098644774914 3 1641 2 144115188075855970 1224979098644774913 3 0 3 0 2133 2 1224979098644774915 144115188075855876 2105 2 1224979098644774915 144115188075855875 30 2 1224979098644774915 3 4 0 30 2 144115188075855876 3 1 2 936748722493063429 504403158265495566 5 0 31 2 144115188075855876 0 1 2 936748722493063430 504403158265495566 5 0 1 2 936748722493063428 504403158265495566 3 0  0 
0.500000 0.000000 0.000000  88 200 1 504403158265495567 31 2 144115188075855882 0 526 3 1224979098644774912 504403158265495567 12 526 3 1224979098644774913 504403158265495567 7 2133 2 1224979098644774914 0 4 0 1073741855 2 144115188075855877 1 3221225604 1 144115188075855967 2147483780 1 144115188075855966 5 0 31 2 144115188075855878 0 2281 3 1224979098644774915 648518346341351424 144115188075855967 4 0 2133 2 1224979098644774916 3 4 0 2273 0 2133 2 1224979098644774916 1 3 0 2147483680 2 1224979098644774915 1224979098644774916 2281 3 1224979098644774917 648518346341351424 1224979098644774912 32 2 1224979098644774917 1 2133 2 1224979098644774914 1 2133 2 144115188075855877 1 1106 1 216172782113783977 5 0 2281 3 1224979098644774915 144115188075855966 144115188075855967 2147483680 2 1224979098644774915 1 1660 2 144115188075855967 144115188075855966 2133 2 144115188075855878 1 2133 2 144115188075855879 0 3 0 5 0 31 2 144115188075855878 1 2281 3 1224979098644774915 648518346341351424 144115188075855966 4 0 2147483680 2 1224979098644774915 1 1661 1 144115188075855967 2133 2 1224979098644774914 1 2133 2 144115188075855877 1 1106 1 216172782113783977 5 0 2105 2 144115188075855879 1 32 2 144115188075855879 4 1661 1 144115188075855967 2133 2 1224979098644774914 0 2133 2 144115188075855878 2 3 0 3 0 4 0 31 2 1224979098644774914 1 1641 2 144115188075855967 1224979098644774912 1641 2 144115188075855966 1224979098644774913 1640 2 144115188075855967 1 1640 2 144115188075855966 1 1603 3 144115188075855967 65536 0 1603 3 144115188075855966 65536 0 3 0 2133 2 1224979098644774918 0 4 0 132 1 144115188075855967 2105 2 1224979098644774918 1 130 2 144115188075855967 1224979098644774912 1232 1 144115188075855967 2133 2 144115188075855880 1 2106 2 1224979098644774918 1 3 0 4 0 132 1 144115188075855966 2105 2 1224979098644774918 1 130 2 144115188075855966 1224979098644774913 1232 1 144115188075855966 2133 2 144115188075855881 1 2106 2 1224979098644774918 1 3 0 4 0 31 2 144115188075855881 1 31 2 144115188075855880 1 1 2 936748722493063430 504403158265495567 3 0 4 0 31 2 1224979098644774918 0 2133 2 144115188075855882 1 1632 3 1224979098644774919 648518346341351424 360287970189640605 1632 3 1224979098644774920 648518346341351424 360287970189640606 32 2 1224979098644774919 0 32 2 1224979098644774920 0 1 2 936748722493063429 504403158265495567 3 0  0 
168.000000 0.000000 0.000000  0  2 2107 2 144115188075855883 101 2108 2 144115188075855883 100 
0.100000 0.000000 0.100000  2 200 1 504403158265495585 31 2 144115188075856010 1  6 526 3 1224979098644774912 504403158265495585 8 4 0 132 1 1224979098644774912 1640 2 1224979098644774912 0 1603 3 1224979098644774912 65536 0 3 0 
0.100000 0.000000 0.100000  2 200 1 504403158265495585 31 2 144115188075856010 0  7 526 3 1224979098644774912 504403158265495585 8 4 0 132 1 1224979098644774912 1640 2 1224979098644774912 10 1603 3 1224979098644774912 65536 0 1641 2 1224979098644774912 648518346341351424 3 0 
0.100000 0.000000 0.000000  3 200 1 504403158265495585 526 3 1224979098644774912 504403158265495585 8 2147483780 1 1224979098644774912  1 1 3 936748722493063362 504403158265495585 2 
0.300000 0.000000 1.100000  6 200 1 504403158265495587 2147483851 1 504403158265495587 2301 2 1224979098644774912 576460752303423504 2147483678 2 144115188075856011 1224979098644774912 2302 2 1224979098644774913 576460752303423504 31 2 1224979098644774913 144115188075856012  2 1106 1 216172782113783824 1 3 936748722493063362 504403158265495587 2 
0.300000 0.000000 1.100000  6 200 1 504403158265495587 2147483850 1 504403158265495587 2301 2 1224979098644774912 576460752303423504 2147483678 2 144115188075856011 1224979098644774912 2302 2 1224979098644774913 576460752303423504 2147483679 2 1224979098644774913 144115188075856012  1 1 2 936748722493063429 504403158265495587 
1.000000 0.000000 0.000000  5 200 1 504403158265495588 526 3 1224979098644774912 504403158265495588 8 132 1 1224979098644774912 131 1 1224979098644774912 1232 1 1224979098644774912  0 
0.000000 0.000000 336.000000  22 6 3 1224979098644774912 360287970189640206 360287970189640206 500 3 1224979098644774912 12 0 2147483679 2 1224979098644774912 144115188075855908 520 3 1224979098644774913 1224979098644774912 14 542 3 1224979098644774913 21 0 542 3 1224979098644774913 60 1 2147484188 3 1224979098644774912 2 2 6 3 1224979098644774914 0 30 540 3 1224979098644774912 12 0 2136 3 1224979098644774915 648518346341351471 648518346341351497 2204 2 1224979098644774916 1224979098644774915 2190 3 1224979098644774917 1224979098644774916 1224979098644774913 2147483680 2 1224979098644774917 0 500 3 1224979098644774912 12 1224979098644774915 4 0 31 2 144115188075856024 1 2322 2 4 1224979098644774912 2330 2 5 1224979098644774915 1106 1 1585267068834414907 3 0 3 0 3 0  0 
360.000000 0.000000 0.000000  1 1 1 936748722493063438  0 
24.000000 0.000000 0.000000  0  1 1 1 936748722493063553 
0.000000 0.000000 24.000000  0  95 2133 2 1224979098644774912 0 2133 2 1224979098644774913 100 6 3 1224979098644774914 360287970189640062 360287970189640080 110 1 1224979098644774914 2105 2 1224979098644774912 1 3 0 2106 2 1224979098644774913 1224979098644774912 2170 3 1224979098644774915 1369094286720630791 360287970189639680 2105 2 1224979098644774913 1224979098644774915 2133 2 72057594037927943 1224979098644774913 4 0 32 2 144115188075855885 0 31 2 144115188075856443 0 4 0 520 3 1224979098644774916 144115188075855885 71 110 1 144115188075855885 110 1 1224979098644774916 2133 2 144115188075855884 144115188075855885 3 0 2133 2 144115188075855885 0 3 0 6 3 1224979098644774917 360287970189640062 360287970189640080 500 3 1224979098644774917 81 0 4 0 540 3 1224979098644774917 5 1 500 3 1224979098644774917 80 1 3 0 520 3 1224979098644774918 1224979098644774917 2 4 0 31 2 1224979098644774918 11 520 3 1224979098644774919 1224979098644774917 84 2322 2 31 1224979098644774917 520 3 1224979098644774920 360287970189639680 7 2133 2 72057594037927940 1224979098644774920 2133 2 72057594037927941 1224979098644774919 32 2 1224979098644774920 1224979098644774919 500 3 1224979098644774917 77 0 500 3 1224979098644774917 69 0 500 3 1224979098644774917 2 0 3 0 4 0 110 1 1224979098644774917 1 2 936748722493063484 1224979098644774917 2133 2 1224979098644774921 72057594037927936 4 0 2147483678 2 1224979098644774921 20 2136 3 1224979098644774922 0 100 2105 2 1224979098644774921 1224979098644774922 2147483678 2 1224979098644774921 20 2133 2 144115188075855886 1224979098644774917 3 0 520 3 1224979098644774923 1224979098644774917 77 2107 2 1224979098644774923 90 2108 2 1224979098644774923 1224979098644774913 500 3 1224979098644774917 77 1224979098644774923 520 3 1224979098644774923 1224979098644774917 69 2107 2 1224979098644774923 90 2108 2 1224979098644774923 1224979098644774913 500 3 1224979098644774917 69 1224979098644774923 4 0 1073742384 3 1224979098644774917 72 1 31 2 144115188075856443 1 520 3 1224979098644774924 1224979098644774917 71 110 1 1224979098644774924 1 4 936748722493063486 1224979098644774917 1224979098644774924 72 3 0 4 0 1073742384 3 1224979098644774917 74 1 31 2 144115188075856443 1 520 3 1224979098644774924 1224979098644774917 73 110 1 1224979098644774924 1 4 936748722493063486 1224979098644774917 1224979098644774924 74 3 0 4 0 1073742384 3 1224979098644774917 76 1 31 2 144115188075856443 1 520 3 1224979098644774924 1224979098644774917 75 110 1 1224979098644774924 520 3 1224979098644774923 1224979098644774917 77 2107 2 1224979098644774923 9 2108 2 1224979098644774923 10 500 3 1224979098644774917 77 1224979098644774923 3 0 4 0 31 2 144115188075856443 0 31 2 144115188075855884 0 31 2 144115188075855917 0 31 2 144115188075855885 0 540 3 1224979098644774917 72 0 520 3 1224979098644774916 1224979098644774917 71 110 1 1224979098644774916 2133 2 144115188075855885 1224979098644774917 3 0 3 0 3 0 
