1067
5
9
6
16
5
7
5
4
4
12
18
15
12
11
1545
119
15
292
194
111
78
11
3
11
47
11
11
4
8
113
14
11
11
4
22
67
3
4
5
15
241
27
111
16
10
8
3
13
5
12
5
12
8
10
15
12
28
14
18
9
6
25
28
12
17
25
5
9
43
21
8
3
7
4
6
19
21
12
27
11
6
25
43
38
4
10
5
10
4
4
329
11
5
33
35
21
21
21
22
10
11
9
9
9
18
8
18
19
5
9
13
11
7
9
9
15
49
3
6
4
4
4
5
10
3
18
7
8
3
14
4
8
10
8
8
40
4
7
5
5
9
5
3
10
30
23
12
8
5
8
79
113
31
10
114
45
35
14
9
26
48
15
4
19
4
13
4
30
29
20
57
11
11
24
21
21
27
23
8
17
76
62
16
19
19
13
13
245
47
20
12
5
18
7
5
4
18
4
4
4
5
4
5
5
12
16
16
869
18
34
19
22
6
8
13
4
12
10
4
31
4
7
12
15
7
22
6
6
3
6
3
15
5
4
6
23
11
3
7
20
15
15
15
15
15
15
94
28
7
12
14
6
4
20
6
10
10
4
9
5
20
7
16
3
4
4
12
9
836
3
3
24
4
3
15
38
11
36
42
12
389
62
20
16
12
15
19
170
432
60
37
17
11
9
9
9
9
9
9
72
15
8
30
16
13
119
241
10
30
86
81
90
4
70
20
6
40
32
20
55
54
54
54
54
54
54
54
13
9
37
55
73
41
73
25
11
5
9
25
9
19
23
7
15
5
20
4
4
4
4
4
4
7
15
9
8
3
35
4
4
4
4
4
4
4
4
4
16
3
73
8
8
8
8
8
4
3
38
4
4
4
4
4
4
4
3
23
4
4
4
4
4
4
3
14
14
16
23
3
18
17
6
3
8
24
33
4
3
24
24
24
24
31
16
16
16
16
14
14
14
4
4
4
4
4
4
4
4
4
21
7
7
3
128
118
108
73
126
5
38
3
6
13
13
75
69
19
19
19
21
23
20
20
19
63
61
13
14
5
5
55
50
23
14
5
5
38
29
13
7
5
5
29
19
13
7
5
5
49
14
4
7
7
4
28
28
28
14
14
14
14
14
14
14
14
14
10
10
10
10
10
10
10
10
10
22
24
22
22
12
12
12
15
15
15
13
7
44
7
9
7
9
9
9
9
9
9
9
9
97
19
19
19
19
19
19
19
19
19
19
17
17
17
17
17
17
17
17
17
17
7
244
66
66
64
64
28
28
14
14
11
11
11
11
11
11
13
11
11
11
11
13
4
7
5
4
25
39
161
45
9
19
5
10
8
9
14
13
3
10
14
52
15
5
5
8
8
11
26
12
7
10
14
6
5
6
31
25
7
7
7
13
9
3
9
14
3
9
9
7
5
4
3
4
10
12
15
13
3
6
12
27
9
3
7
9
5
105
35
4
3
4
10
10
4
36
20
24
24
18
6
6
6
6
5
3
