-29
-1
-3
-4
-4
-3
-3
-3
-2
-2
-2
-8
-3
-2
-3
-7
-59
-1
-2
-4
-1
-2
-1
-1
-1
-1
-1
-1
-2
-4
-104
-4
-6
-9
-9
-2
-10
-3
-1
-2
-3
-5
-58
-3
-7
-4
-2
-2
-1
-3
-3
-4
-3
-2
-2
-2
-3
-2
-10
-8
-2
-3
-2
-17
-6
-6
-3
-3
-3
-3
-11
-19
-2
-1
-5
-2
-2
-7
-7
-6
-7
-1
-2
-7
-7
-2
-2
-2
-1
-2
-2
-2
-5
-7
-1
-1
-1
-1
-1
-1
-14
-4
-1
-1
-1
-1
-2
-2
-2
-1
-1
-5
-1
-1
-1
-7
-1
-5
-29
-1
-2
-2
-2
-2
-3
-2
-8
-3
-4
-1
-4
-2
-4
-4
-2
-2
-2
-2
-3
-1
-1
-5
-3
-1
-8
-6
-5
-4
-4
-3
-4
-31
-4
-3
-2
-52
-13
-9
-8
-3
-2
-4
-9
-2
-3
-2
-7
-2
-4
-3
-6
-3
-3
-3
-6
-7
-7
-5
-5
-2
-7
-8
-8
-6
-3
-3
-3
-19
-25
-8
-4
-3
-12
-1
-1
-2
-2
-2
-2
-2
-1
-2
-1
-1
-2
-4
-4
-4
-2
-4
-13
-6
-2
-4
-7
-2
-2
-4
-2
-7
-2
-5
-4
-3
-3
-4
-4
-2
-1
-2
-1
-3
-3
-2
-2
-7
-3
-1
-3
-4
-1
-1
-1
-1
-1
-1
-14
-4
-3
-4
-10
-2
-2
-2
-2
-2
-2
-2
-3
-3
-4
-1
-4
-1
-2
-2
-2
-1
-4
-1
-1
-2
-2
-1
-5
-6
-3
-4
-14
-4
-5
-10
-2
-4
-4
-3
-7
-6
-228
-8
-5
-1
-5
-5
-5
-5
-5
-5
-5
-10
-9
-2
-6
-4
-1
-61
-59
-6
-18
-24
-14
-48
-2
-20
-4
-2
-18
-10
-10
-19
-18
-18
-18
-18
-18
-18
-18
-9
-1
-13
-11
-5
-5
-5
-5
-7
-1
-2
-7
-3
-3
-3
-1
-3
-3
-6
-2
-2
-2
-2
-2
-2
-2
-5
-4
-4
-1
-11
-2
-2
-2
-2
-2
-2
-2
-2
-2
-6
-1
-23
-4
-4
-4
-4
-4
-2
-1
-12
-2
-2
-2
-2
-2
-2
-2
-1
-7
-2
-2
-2
-2
-2
-2
-1
-10
-10
-6
-1
-1
-4
-7
-4
-1
-2
-2
-1
-2
-1
-6
-6
-6
-6
-6
-3
-3
-3
-3
-3
-3
-3
-4
-4
-4
-4
-3
-3
-3
-3
-3
-1
-18
-14
-12
-3
-42
-1
-2
-1
-2
-3
-3
-8
-8
-3
-3
-3
-3
-5
-4
-4
-3
-7
-7
-3
-2
-1
-1
-7
-6
-3
-2
-1
-1
-6
-5
-3
-1
-1
-1
-5
-3
-3
-1
-1
-1
-19
-10
-2
-3
-3
-2
-12
-12
-12
-2
-2
-2
-2
-2
-2
-2
-2
-2
-2
-2
-2
-2
-2
-2
-2
-2
-2
-4
-4
-4
-2
-2
-2
-2
-3
-3
-3
-3
-1
-2
-1
-1
-1
-1
-1
-1
-1
-1
-1
-1
-1
-23
-1
-1
-1
-1
-1
-1
-1
-1
-1
-1
-1
-1
-1
-1
-1
-1
-1
-1
-1
-1
-1
-2
-2
-2
-2
-2
-2
-2
-2
-2
-2
-1
-1
-1
-1
-1
-1
-1
-1
-1
-1
-1
-1
-2
-3
-3
-2
-1
-1
-1
-1
-1
-1
-1
-8
-4
-1
-12
-7
-1
-4
-2
-2
-1
-1
-1
-2
-2
-3
-2
-2
-3
-4
-2
-2
-1
-2
-1
-1
-1
-1
-1
-3
-1
-1
-5
-2
-1
-1
-5
-3
-1
-2
-1
-2
-2
-4
-5
-1
-1
-2
-4
-1
-1
-1
-1
-5
-1
-1
-1
-2
-1
-2
-4
-4
-2
-2
-2
-2
-2
-2
-2
-2
-2
-2
-1
-1
